version https://git-lfs.github.com/spec/v1
oid sha256:6ce1c67db883c99c1ddbf6a81aa75ee93076588ca25650435a15aeca995fd561
size 15671
