version https://git-lfs.github.com/spec/v1
oid sha256:8945e8000c4b69b2e6e71648ce5f7a7a195e0c88e43a188a10dcefd702be4572
size 81072
