version https://git-lfs.github.com/spec/v1
oid sha256:b63a5e06f2279578e3c934c38a798f498b4561890a8724c52ecb32bef2b5130b
size 17902
