version https://git-lfs.github.com/spec/v1
oid sha256:9a31648f69adf522381e33daf691105608dea5dce32ec0b928170b2fdcba77f8
size 17300
