timestamp,value,timeseries_id,station_name,pollutant_name,pollutant_std,latitude,longitude
2025-01-01 00:00:00,0.015,2699,London Marylebone Road,1-Pentene,1-Pentene,51.52253,-0.1546109999949009
2025-01-01 01:00:00,0.095,2699,London Marylebone Road,1-Pentene,1-Pentene,51.52253,-0.1546109999949009
2025-01-01 02:00:00,0.055,2699,London Marylebone Road,1-Pentene,1-Pentene,51.52253,-0.1546109999949009
2025-01-01 03:00:00,0.073,2699,London Marylebone Road,1-Pentene,1-Pentene,51.52253,-0.1546109999949009
2025-01-01 04:00:00,0.015,2699,London Marylebone Road,1-Pentene,1-Pentene,51.52253,-0.1546109999949009
2025-01-01 05:00:00,0.015,2699,London Marylebone Road,1-Pentene,1-Pentene,51.52253,-0.1546109999949009
2025-01-01 06:00:00,0.015,2699,London Marylebone Road,1-Pentene,1-Pentene,51.52253,-0.1546109999949009
2025-01-01 07:00:00,0.015,2699,London Marylebone Road,1-Pentene,1-Pentene,51.52253,-0.1546109999949009
2025-01-01 08:00:00,0.015,2699,London Marylebone Road,1-Pentene,1-Pentene,51.52253,-0.1546109999949009
2025-01-01 09:00:00,0.015,2699,London Marylebone Road,1-Pentene,1-Pentene,51.52253,-0.1546109999949009
2025-01-01 10:00:00,0.015,2699,London Marylebone Road,1-Pentene,1-Pentene,51.52253,-0.1546109999949009
2025-01-01 11:00:00,0.015,2699,London Marylebone Road,1-Pentene,1-Pentene,51.52253,-0.1546109999949009
2025-01-01 12:00:00,0.015,2699,London Marylebone Road,1-Pentene,1-Pentene,51.52253,-0.1546109999949009
2025-01-01 13:00:00,0.015,2699,London Marylebone Road,1-Pentene,1-Pentene,51.52253,-0.1546109999949009
2025-01-01 14:00:00,0.015,2699,London Marylebone Road,1-Pentene,1-Pentene,51.52253,-0.1546109999949009
2025-01-01 15:00:00,0.081,2699,London Marylebone Road,1-Pentene,1-Pentene,51.52253,-0.1546109999949009
2025-01-01 16:00:00,0.056,2699,London Marylebone Road,1-Pentene,1-Pentene,51.52253,-0.1546109999949009
2025-01-01 17:00:00,0.184,2699,London Marylebone Road,1-Pentene,1-Pentene,51.52253,-0.1546109999949009
2025-01-01 18:00:00,0.106,2699,London Marylebone Road,1-Pentene,1-Pentene,51.52253,-0.1546109999949009
2025-01-01 19:00:00,0.015,2699,London Marylebone Road,1-Pentene,1-Pentene,51.52253,-0.1546109999949009
2025-01-01 20:00:00,0.126,2699,London Marylebone Road,1-Pentene,1-Pentene,51.52253,-0.1546109999949009
2025-01-01 21:00:00,0.114,2699,London Marylebone Road,1-Pentene,1-Pentene,51.52253,-0.1546109999949009
2025-01-01 22:00:00,0.164,2699,London Marylebone Road,1-Pentene,1-Pentene,51.52253,-0.1546109999949009
2025-01-01 23:00:00,0.095,2699,London Marylebone Road,1-Pentene,1-Pentene,51.52253,-0.1546109999949009
2025-01-02 00:00:00,0.153,2699,London Marylebone Road,1-Pentene,1-Pentene,51.52253,-0.1546109999949009
2025-01-02 01:00:00,0.107,2699,London Marylebone Road,1-Pentene,1-Pentene,51.52253,-0.1546109999949009
2025-01-02 02:00:00,0.028,2699,London Marylebone Road,1-Pentene,1-Pentene,51.52253,-0.1546109999949009
2025-01-02 03:00:00,0.015,2699,London Marylebone Road,1-Pentene,1-Pentene,51.52253,-0.1546109999949009
2025-01-02 04:00:00,0.015,2699,London Marylebone Road,1-Pentene,1-Pentene,51.52253,-0.1546109999949009
2025-01-02 05:00:00,0.015,2699,London Marylebone Road,1-Pentene,1-Pentene,51.52253,-0.1546109999949009
2025-01-02 06:00:00,0.015,2699,London Marylebone Road,1-Pentene,1-Pentene,51.52253,-0.1546109999949009
2025-01-02 07:00:00,0.059,2699,London Marylebone Road,1-Pentene,1-Pentene,51.52253,-0.1546109999949009
2025-01-02 08:00:00,0.015,2699,London Marylebone Road,1-Pentene,1-Pentene,51.52253,-0.1546109999949009
2025-01-02 09:00:00,0.028,2699,London Marylebone Road,1-Pentene,1-Pentene,51.52253,-0.1546109999949009
2025-01-02 10:00:00,0.065,2699,London Marylebone Road,1-Pentene,1-Pentene,51.52253,-0.1546109999949009
2025-01-02 11:00:00,0.014,2699,London Marylebone Road,1-Pentene,1-Pentene,51.52253,-0.1546109999949009
2025-01-02 12:00:00,0.015,2699,London Marylebone Road,1-Pentene,1-Pentene,51.52253,-0.1546109999949009
2025-01-02 13:00:00,0.023,2699,London Marylebone Road,1-Pentene,1-Pentene,51.52253,-0.1546109999949009
2025-01-02 14:00:00,0.027,2699,London Marylebone Road,1-Pentene,1-Pentene,51.52253,-0.1546109999949009
2025-01-02 15:00:00,0.026,2699,London Marylebone Road,1-Pentene,1-Pentene,51.52253,-0.1546109999949009
2025-01-02 16:00:00,0.015,2699,London Marylebone Road,1-Pentene,1-Pentene,51.52253,-0.1546109999949009
2025-01-02 17:00:00,0.072,2699,London Marylebone Road,1-Pentene,1-Pentene,51.52253,-0.1546109999949009
2025-01-02 18:00:00,0.015,2699,London Marylebone Road,1-Pentene,1-Pentene,51.52253,-0.1546109999949009
2025-01-02 19:00:00,0.017,2699,London Marylebone Road,1-Pentene,1-Pentene,51.52253,-0.1546109999949009
2025-01-02 20:00:00,0.015,2699,London Marylebone Road,1-Pentene,1-Pentene,51.52253,-0.1546109999949009
2025-01-02 21:00:00,0.015,2699,London Marylebone Road,1-Pentene,1-Pentene,51.52253,-0.1546109999949009
2025-01-02 22:00:00,0.015,2699,London Marylebone Road,1-Pentene,1-Pentene,51.52253,-0.1546109999949009
2025-01-02 23:00:00,0.015,2699,London Marylebone Road,1-Pentene,1-Pentene,51.52253,-0.1546109999949009
2025-01-03 00:00:00,0.015,2699,London Marylebone Road,1-Pentene,1-Pentene,51.52253,-0.1546109999949009
2025-01-03 01:00:00,0.02,2699,London Marylebone Road,1-Pentene,1-Pentene,51.52253,-0.1546109999949009
2025-01-03 02:00:00,0.015,2699,London Marylebone Road,1-Pentene,1-Pentene,51.52253,-0.1546109999949009
2025-01-03 03:00:00,0.015,2699,London Marylebone Road,1-Pentene,1-Pentene,51.52253,-0.1546109999949009
2025-01-03 04:00:00,0.015,2699,London Marylebone Road,1-Pentene,1-Pentene,51.52253,-0.1546109999949009
2025-01-03 05:00:00,0.137,2699,London Marylebone Road,1-Pentene,1-Pentene,51.52253,-0.1546109999949009
2025-01-03 06:00:00,0.015,2699,London Marylebone Road,1-Pentene,1-Pentene,51.52253,-0.1546109999949009
2025-01-03 07:00:00,0.015,2699,London Marylebone Road,1-Pentene,1-Pentene,51.52253,-0.1546109999949009
2025-01-03 08:00:00,0.015,2699,London Marylebone Road,1-Pentene,1-Pentene,51.52253,-0.1546109999949009
2025-01-03 09:00:00,0.271,2699,London Marylebone Road,1-Pentene,1-Pentene,51.52253,-0.1546109999949009
2025-01-03 10:00:00,0.123,2699,London Marylebone Road,1-Pentene,1-Pentene,51.52253,-0.1546109999949009
2025-01-03 11:00:00,0.466,2699,London Marylebone Road,1-Pentene,1-Pentene,51.52253,-0.1546109999949009
2025-01-03 12:00:00,0.349,2699,London Marylebone Road,1-Pentene,1-Pentene,51.52253,-0.1546109999949009
2025-01-03 13:00:00,0.306,2699,London Marylebone Road,1-Pentene,1-Pentene,51.52253,-0.1546109999949009
2025-01-03 14:00:00,0.227,2699,London Marylebone Road,1-Pentene,1-Pentene,51.52253,-0.1546109999949009
2025-01-03 15:00:00,0.31,2699,London Marylebone Road,1-Pentene,1-Pentene,51.52253,-0.1546109999949009
2025-01-03 16:00:00,0.227,2699,London Marylebone Road,1-Pentene,1-Pentene,51.52253,-0.1546109999949009
2025-01-03 17:00:00,0.156,2699,London Marylebone Road,1-Pentene,1-Pentene,51.52253,-0.1546109999949009
2025-01-03 18:00:00,0.335,2699,London Marylebone Road,1-Pentene,1-Pentene,51.52253,-0.1546109999949009
2025-01-03 19:00:00,0.493,2699,London Marylebone Road,1-Pentene,1-Pentene,51.52253,-0.1546109999949009
2025-01-03 20:00:00,0.483,2699,London Marylebone Road,1-Pentene,1-Pentene,51.52253,-0.1546109999949009
2025-01-03 21:00:00,0.466,2699,London Marylebone Road,1-Pentene,1-Pentene,51.52253,-0.1546109999949009
2025-01-03 22:00:00,-99.0,2699,London Marylebone Road,1-Pentene,1-Pentene,51.52253,-0.1546109999949009
2025-01-03 23:00:00,-99.0,2699,London Marylebone Road,1-Pentene,1-Pentene,51.52253,-0.1546109999949009
2025-01-04 00:00:00,-99.0,2699,London Marylebone Road,1-Pentene,1-Pentene,51.52253,-0.1546109999949009
2025-01-04 01:00:00,-99.0,2699,London Marylebone Road,1-Pentene,1-Pentene,51.52253,-0.1546109999949009
2025-01-04 02:00:00,-99.0,2699,London Marylebone Road,1-Pentene,1-Pentene,51.52253,-0.1546109999949009
2025-01-04 03:00:00,0.13,2699,London Marylebone Road,1-Pentene,1-Pentene,51.52253,-0.1546109999949009
2025-01-04 04:00:00,0.098,2699,London Marylebone Road,1-Pentene,1-Pentene,51.52253,-0.1546109999949009
2025-01-04 05:00:00,0.118,2699,London Marylebone Road,1-Pentene,1-Pentene,51.52253,-0.1546109999949009
2025-01-04 06:00:00,0.073,2699,London Marylebone Road,1-Pentene,1-Pentene,51.52253,-0.1546109999949009
2025-01-04 07:00:00,0.108,2699,London Marylebone Road,1-Pentene,1-Pentene,51.52253,-0.1546109999949009
2025-01-04 08:00:00,0.134,2699,London Marylebone Road,1-Pentene,1-Pentene,51.52253,-0.1546109999949009
2025-01-04 09:00:00,0.123,2699,London Marylebone Road,1-Pentene,1-Pentene,51.52253,-0.1546109999949009
2025-01-04 10:00:00,0.122,2699,London Marylebone Road,1-Pentene,1-Pentene,51.52253,-0.1546109999949009
2025-01-04 11:00:00,0.174,2699,London Marylebone Road,1-Pentene,1-Pentene,51.52253,-0.1546109999949009
2025-01-04 12:00:00,0.15,2699,London Marylebone Road,1-Pentene,1-Pentene,51.52253,-0.1546109999949009
2025-01-04 13:00:00,0.095,2699,London Marylebone Road,1-Pentene,1-Pentene,51.52253,-0.1546109999949009
2025-01-04 14:00:00,0.089,2699,London Marylebone Road,1-Pentene,1-Pentene,51.52253,-0.1546109999949009
2025-01-04 15:00:00,0.103,2699,London Marylebone Road,1-Pentene,1-Pentene,51.52253,-0.1546109999949009
2025-01-04 16:00:00,0.245,2699,London Marylebone Road,1-Pentene,1-Pentene,51.52253,-0.1546109999949009
2025-01-04 17:00:00,0.086,2699,London Marylebone Road,1-Pentene,1-Pentene,51.52253,-0.1546109999949009
2025-01-04 18:00:00,0.092,2699,London Marylebone Road,1-Pentene,1-Pentene,51.52253,-0.1546109999949009
2025-01-04 19:00:00,0.222,2699,London Marylebone Road,1-Pentene,1-Pentene,51.52253,-0.1546109999949009
2025-01-04 20:00:00,0.015,2699,London Marylebone Road,1-Pentene,1-Pentene,51.52253,-0.1546109999949009
2025-01-04 21:00:00,0.186,2699,London Marylebone Road,1-Pentene,1-Pentene,51.52253,-0.1546109999949009
2025-01-04 22:00:00,0.127,2699,London Marylebone Road,1-Pentene,1-Pentene,51.52253,-0.1546109999949009
2025-01-04 23:00:00,0.185,2699,London Marylebone Road,1-Pentene,1-Pentene,51.52253,-0.1546109999949009
2025-01-05 00:00:00,0.246,2699,London Marylebone Road,1-Pentene,1-Pentene,51.52253,-0.1546109999949009
2025-01-05 01:00:00,0.053,2699,London Marylebone Road,1-Pentene,1-Pentene,51.52253,-0.1546109999949009
2025-01-05 02:00:00,0.188,2699,London Marylebone Road,1-Pentene,1-Pentene,51.52253,-0.1546109999949009
2025-01-05 03:00:00,0.081,2699,London Marylebone Road,1-Pentene,1-Pentene,51.52253,-0.1546109999949009
2025-01-05 04:00:00,0.015,2699,London Marylebone Road,1-Pentene,1-Pentene,51.52253,-0.1546109999949009
2025-01-05 05:00:00,0.077,2699,London Marylebone Road,1-Pentene,1-Pentene,51.52253,-0.1546109999949009
2025-01-05 06:00:00,0.015,2699,London Marylebone Road,1-Pentene,1-Pentene,51.52253,-0.1546109999949009
2025-01-05 07:00:00,0.015,2699,London Marylebone Road,1-Pentene,1-Pentene,51.52253,-0.1546109999949009
2025-01-05 08:00:00,0.082,2699,London Marylebone Road,1-Pentene,1-Pentene,51.52253,-0.1546109999949009
2025-01-05 09:00:00,0.084,2699,London Marylebone Road,1-Pentene,1-Pentene,51.52253,-0.1546109999949009
2025-01-05 10:00:00,0.015,2699,London Marylebone Road,1-Pentene,1-Pentene,51.52253,-0.1546109999949009
2025-01-05 11:00:00,0.015,2699,London Marylebone Road,1-Pentene,1-Pentene,51.52253,-0.1546109999949009
2025-01-05 12:00:00,0.079,2699,London Marylebone Road,1-Pentene,1-Pentene,51.52253,-0.1546109999949009
2025-01-05 13:00:00,0.098,2699,London Marylebone Road,1-Pentene,1-Pentene,51.52253,-0.1546109999949009
2025-01-05 14:00:00,0.077,2699,London Marylebone Road,1-Pentene,1-Pentene,51.52253,-0.1546109999949009
2025-01-05 15:00:00,0.109,2699,London Marylebone Road,1-Pentene,1-Pentene,51.52253,-0.1546109999949009
2025-01-05 16:00:00,0.125,2699,London Marylebone Road,1-Pentene,1-Pentene,51.52253,-0.1546109999949009
2025-01-05 17:00:00,0.068,2699,London Marylebone Road,1-Pentene,1-Pentene,51.52253,-0.1546109999949009
2025-01-05 18:00:00,0.015,2699,London Marylebone Road,1-Pentene,1-Pentene,51.52253,-0.1546109999949009
2025-01-05 19:00:00,0.092,2699,London Marylebone Road,1-Pentene,1-Pentene,51.52253,-0.1546109999949009
2025-01-05 20:00:00,0.055,2699,London Marylebone Road,1-Pentene,1-Pentene,51.52253,-0.1546109999949009
2025-01-05 21:00:00,0.055,2699,London Marylebone Road,1-Pentene,1-Pentene,51.52253,-0.1546109999949009
2025-01-05 22:00:00,0.015,2699,London Marylebone Road,1-Pentene,1-Pentene,51.52253,-0.1546109999949009
2025-01-05 23:00:00,0.015,2699,London Marylebone Road,1-Pentene,1-Pentene,51.52253,-0.1546109999949009
2025-01-06 00:00:00,0.015,2699,London Marylebone Road,1-Pentene,1-Pentene,51.52253,-0.1546109999949009
2025-01-06 01:00:00,0.038,2699,London Marylebone Road,1-Pentene,1-Pentene,51.52253,-0.1546109999949009
2025-01-06 02:00:00,0.096,2699,London Marylebone Road,1-Pentene,1-Pentene,51.52253,-0.1546109999949009
2025-01-06 03:00:00,0.015,2699,London Marylebone Road,1-Pentene,1-Pentene,51.52253,-0.1546109999949009
2025-01-06 04:00:00,0.015,2699,London Marylebone Road,1-Pentene,1-Pentene,51.52253,-0.1546109999949009
2025-01-06 05:00:00,0.015,2699,London Marylebone Road,1-Pentene,1-Pentene,51.52253,-0.1546109999949009
2025-01-06 06:00:00,0.015,2699,London Marylebone Road,1-Pentene,1-Pentene,51.52253,-0.1546109999949009
2025-01-06 07:00:00,0.015,2699,London Marylebone Road,1-Pentene,1-Pentene,51.52253,-0.1546109999949009
2025-01-06 08:00:00,0.015,2699,London Marylebone Road,1-Pentene,1-Pentene,51.52253,-0.1546109999949009
2025-01-06 09:00:00,0.015,2699,London Marylebone Road,1-Pentene,1-Pentene,51.52253,-0.1546109999949009
2025-01-06 10:00:00,0.015,2699,London Marylebone Road,1-Pentene,1-Pentene,51.52253,-0.1546109999949009
2025-01-06 11:00:00,0.015,2699,London Marylebone Road,1-Pentene,1-Pentene,51.52253,-0.1546109999949009
2025-01-06 12:00:00,0.071,2699,London Marylebone Road,1-Pentene,1-Pentene,51.52253,-0.1546109999949009
2025-01-06 13:00:00,0.074,2699,London Marylebone Road,1-Pentene,1-Pentene,51.52253,-0.1546109999949009
2025-01-06 14:00:00,0.122,2699,London Marylebone Road,1-Pentene,1-Pentene,51.52253,-0.1546109999949009
2025-01-06 15:00:00,0.076,2699,London Marylebone Road,1-Pentene,1-Pentene,51.52253,-0.1546109999949009
2025-01-06 16:00:00,0.165,2699,London Marylebone Road,1-Pentene,1-Pentene,51.52253,-0.1546109999949009
2025-01-06 17:00:00,0.122,2699,London Marylebone Road,1-Pentene,1-Pentene,51.52253,-0.1546109999949009
2025-01-06 18:00:00,0.145,2699,London Marylebone Road,1-Pentene,1-Pentene,51.52253,-0.1546109999949009
2025-01-06 19:00:00,0.104,2699,London Marylebone Road,1-Pentene,1-Pentene,51.52253,-0.1546109999949009
2025-01-06 20:00:00,0.147,2699,London Marylebone Road,1-Pentene,1-Pentene,51.52253,-0.1546109999949009
2025-01-06 21:00:00,0.146,2699,London Marylebone Road,1-Pentene,1-Pentene,51.52253,-0.1546109999949009
2025-01-06 22:00:00,0.176,2699,London Marylebone Road,1-Pentene,1-Pentene,51.52253,-0.1546109999949009
2025-01-06 23:00:00,0.119,2699,London Marylebone Road,1-Pentene,1-Pentene,51.52253,-0.1546109999949009
2025-01-07 00:00:00,0.147,2699,London Marylebone Road,1-Pentene,1-Pentene,51.52253,-0.1546109999949009
2025-01-07 01:00:00,0.015,2699,London Marylebone Road,1-Pentene,1-Pentene,51.52253,-0.1546109999949009
2025-01-07 02:00:00,0.102,2699,London Marylebone Road,1-Pentene,1-Pentene,51.52253,-0.1546109999949009
2025-01-07 03:00:00,0.052,2699,London Marylebone Road,1-Pentene,1-Pentene,51.52253,-0.1546109999949009
2025-01-07 04:00:00,0.04,2699,London Marylebone Road,1-Pentene,1-Pentene,51.52253,-0.1546109999949009
2025-01-07 05:00:00,0.037,2699,London Marylebone Road,1-Pentene,1-Pentene,51.52253,-0.1546109999949009
2025-01-07 06:00:00,0.015,2699,London Marylebone Road,1-Pentene,1-Pentene,51.52253,-0.1546109999949009
2025-01-07 07:00:00,0.029,2699,London Marylebone Road,1-Pentene,1-Pentene,51.52253,-0.1546109999949009
2025-01-07 08:00:00,0.113,2699,London Marylebone Road,1-Pentene,1-Pentene,51.52253,-0.1546109999949009
2025-01-07 09:00:00,0.082,2699,London Marylebone Road,1-Pentene,1-Pentene,51.52253,-0.1546109999949009
2025-01-07 10:00:00,0.135,2699,London Marylebone Road,1-Pentene,1-Pentene,51.52253,-0.1546109999949009
2025-01-07 11:00:00,0.085,2699,London Marylebone Road,1-Pentene,1-Pentene,51.52253,-0.1546109999949009
2025-01-07 12:00:00,0.015,2699,London Marylebone Road,1-Pentene,1-Pentene,51.52253,-0.1546109999949009
2025-01-07 13:00:00,0.062,2699,London Marylebone Road,1-Pentene,1-Pentene,51.52253,-0.1546109999949009
2025-01-07 14:00:00,0.074,2699,London Marylebone Road,1-Pentene,1-Pentene,51.52253,-0.1546109999949009
2025-01-07 15:00:00,0.071,2699,London Marylebone Road,1-Pentene,1-Pentene,51.52253,-0.1546109999949009
2025-01-07 16:00:00,0.142,2699,London Marylebone Road,1-Pentene,1-Pentene,51.52253,-0.1546109999949009
2025-01-07 17:00:00,0.13,2699,London Marylebone Road,1-Pentene,1-Pentene,51.52253,-0.1546109999949009
2025-01-07 18:00:00,0.202,2699,London Marylebone Road,1-Pentene,1-Pentene,51.52253,-0.1546109999949009
2025-01-07 19:00:00,0.165,2699,London Marylebone Road,1-Pentene,1-Pentene,51.52253,-0.1546109999949009
2025-01-07 20:00:00,0.193,2699,London Marylebone Road,1-Pentene,1-Pentene,51.52253,-0.1546109999949009
2025-01-07 21:00:00,0.169,2699,London Marylebone Road,1-Pentene,1-Pentene,51.52253,-0.1546109999949009
2025-01-07 22:00:00,0.141,2699,London Marylebone Road,1-Pentene,1-Pentene,51.52253,-0.1546109999949009
2025-01-07 23:00:00,0.171,2699,London Marylebone Road,1-Pentene,1-Pentene,51.52253,-0.1546109999949009
2025-01-08 00:00:00,0.128,2699,London Marylebone Road,1-Pentene,1-Pentene,51.52253,-0.1546109999949009
2025-01-08 01:00:00,0.1,2699,London Marylebone Road,1-Pentene,1-Pentene,51.52253,-0.1546109999949009
2025-01-08 02:00:00,0.015,2699,London Marylebone Road,1-Pentene,1-Pentene,51.52253,-0.1546109999949009
2025-01-08 03:00:00,0.13,2699,London Marylebone Road,1-Pentene,1-Pentene,51.52253,-0.1546109999949009
2025-01-08 04:00:00,0.106,2699,London Marylebone Road,1-Pentene,1-Pentene,51.52253,-0.1546109999949009
2025-01-08 05:00:00,0.084,2699,London Marylebone Road,1-Pentene,1-Pentene,51.52253,-0.1546109999949009
2025-01-08 06:00:00,0.074,2699,London Marylebone Road,1-Pentene,1-Pentene,51.52253,-0.1546109999949009
2025-01-08 07:00:00,0.112,2699,London Marylebone Road,1-Pentene,1-Pentene,51.52253,-0.1546109999949009
2025-01-08 08:00:00,0.117,2699,London Marylebone Road,1-Pentene,1-Pentene,51.52253,-0.1546109999949009
2025-01-08 09:00:00,0.139,2699,London Marylebone Road,1-Pentene,1-Pentene,51.52253,-0.1546109999949009
2025-01-08 10:00:00,0.15,2699,London Marylebone Road,1-Pentene,1-Pentene,51.52253,-0.1546109999949009
2025-01-08 11:00:00,0.158,2699,London Marylebone Road,1-Pentene,1-Pentene,51.52253,-0.1546109999949009
2025-01-08 12:00:00,0.207,2699,London Marylebone Road,1-Pentene,1-Pentene,51.52253,-0.1546109999949009
2025-01-08 13:00:00,0.107,2699,London Marylebone Road,1-Pentene,1-Pentene,51.52253,-0.1546109999949009
2025-01-08 14:00:00,0.162,2699,London Marylebone Road,1-Pentene,1-Pentene,51.52253,-0.1546109999949009
2025-01-08 15:00:00,0.146,2699,London Marylebone Road,1-Pentene,1-Pentene,51.52253,-0.1546109999949009
2025-01-08 16:00:00,0.166,2699,London Marylebone Road,1-Pentene,1-Pentene,51.52253,-0.1546109999949009
2025-01-08 17:00:00,0.111,2699,London Marylebone Road,1-Pentene,1-Pentene,51.52253,-0.1546109999949009
2025-01-08 18:00:00,0.132,2699,London Marylebone Road,1-Pentene,1-Pentene,51.52253,-0.1546109999949009
2025-01-08 19:00:00,0.192,2699,London Marylebone Road,1-Pentene,1-Pentene,51.52253,-0.1546109999949009
2025-01-08 20:00:00,0.052,2699,London Marylebone Road,1-Pentene,1-Pentene,51.52253,-0.1546109999949009
2025-01-08 21:00:00,0.117,2699,London Marylebone Road,1-Pentene,1-Pentene,51.52253,-0.1546109999949009
2025-01-08 22:00:00,0.015,2699,London Marylebone Road,1-Pentene,1-Pentene,51.52253,-0.1546109999949009
2025-01-08 23:00:00,-99.0,2699,London Marylebone Road,1-Pentene,1-Pentene,51.52253,-0.1546109999949009
2025-01-09 00:00:00,0.078,2699,London Marylebone Road,1-Pentene,1-Pentene,51.52253,-0.1546109999949009
2025-01-09 01:00:00,0.086,2699,London Marylebone Road,1-Pentene,1-Pentene,51.52253,-0.1546109999949009
2025-01-09 02:00:00,0.015,2699,London Marylebone Road,1-Pentene,1-Pentene,51.52253,-0.1546109999949009
2025-01-09 03:00:00,0.015,2699,London Marylebone Road,1-Pentene,1-Pentene,51.52253,-0.1546109999949009
2025-01-09 04:00:00,0.053,2699,London Marylebone Road,1-Pentene,1-Pentene,51.52253,-0.1546109999949009
2025-01-09 05:00:00,0.015,2699,London Marylebone Road,1-Pentene,1-Pentene,51.52253,-0.1546109999949009
2025-01-09 06:00:00,0.015,2699,London Marylebone Road,1-Pentene,1-Pentene,51.52253,-0.1546109999949009
2025-01-09 07:00:00,0.035,2699,London Marylebone Road,1-Pentene,1-Pentene,51.52253,-0.1546109999949009
2025-01-09 08:00:00,0.089,2699,London Marylebone Road,1-Pentene,1-Pentene,51.52253,-0.1546109999949009
2025-01-09 09:00:00,0.108,2699,London Marylebone Road,1-Pentene,1-Pentene,51.52253,-0.1546109999949009
2025-01-09 10:00:00,0.125,2699,London Marylebone Road,1-Pentene,1-Pentene,51.52253,-0.1546109999949009
2025-01-09 11:00:00,0.113,2699,London Marylebone Road,1-Pentene,1-Pentene,51.52253,-0.1546109999949009
2025-01-09 12:00:00,0.115,2699,London Marylebone Road,1-Pentene,1-Pentene,51.52253,-0.1546109999949009
2025-01-09 13:00:00,0.041,2699,London Marylebone Road,1-Pentene,1-Pentene,51.52253,-0.1546109999949009
2025-01-09 14:00:00,0.117,2699,London Marylebone Road,1-Pentene,1-Pentene,51.52253,-0.1546109999949009
2025-01-09 15:00:00,0.091,2699,London Marylebone Road,1-Pentene,1-Pentene,51.52253,-0.1546109999949009
2025-01-09 16:00:00,0.169,2699,London Marylebone Road,1-Pentene,1-Pentene,51.52253,-0.1546109999949009
2025-01-09 17:00:00,0.248,2699,London Marylebone Road,1-Pentene,1-Pentene,51.52253,-0.1546109999949009
2025-01-09 18:00:00,0.2,2699,London Marylebone Road,1-Pentene,1-Pentene,51.52253,-0.1546109999949009
2025-01-09 19:00:00,0.191,2699,London Marylebone Road,1-Pentene,1-Pentene,51.52253,-0.1546109999949009
2025-01-09 20:00:00,0.147,2699,London Marylebone Road,1-Pentene,1-Pentene,51.52253,-0.1546109999949009
2025-01-09 21:00:00,0.332,2699,London Marylebone Road,1-Pentene,1-Pentene,51.52253,-0.1546109999949009
2025-01-09 22:00:00,0.279,2699,London Marylebone Road,1-Pentene,1-Pentene,51.52253,-0.1546109999949009
2025-01-09 23:00:00,0.43,2699,London Marylebone Road,1-Pentene,1-Pentene,51.52253,-0.1546109999949009
2025-01-10 00:00:00,0.258,2699,London Marylebone Road,1-Pentene,1-Pentene,51.52253,-0.1546109999949009
2025-01-10 01:00:00,0.124,2699,London Marylebone Road,1-Pentene,1-Pentene,51.52253,-0.1546109999949009
2025-01-10 02:00:00,0.356,2699,London Marylebone Road,1-Pentene,1-Pentene,51.52253,-0.1546109999949009
2025-01-10 03:00:00,0.181,2699,London Marylebone Road,1-Pentene,1-Pentene,51.52253,-0.1546109999949009
2025-01-10 04:00:00,0.225,2699,London Marylebone Road,1-Pentene,1-Pentene,51.52253,-0.1546109999949009
2025-01-10 05:00:00,0.185,2699,London Marylebone Road,1-Pentene,1-Pentene,51.52253,-0.1546109999949009
2025-01-10 06:00:00,0.127,2699,London Marylebone Road,1-Pentene,1-Pentene,51.52253,-0.1546109999949009
2025-01-10 07:00:00,0.587,2699,London Marylebone Road,1-Pentene,1-Pentene,51.52253,-0.1546109999949009
2025-01-10 08:00:00,0.655,2699,London Marylebone Road,1-Pentene,1-Pentene,51.52253,-0.1546109999949009
2025-01-10 09:00:00,0.416,2699,London Marylebone Road,1-Pentene,1-Pentene,51.52253,-0.1546109999949009
2025-01-10 10:00:00,0.523,2699,London Marylebone Road,1-Pentene,1-Pentene,51.52253,-0.1546109999949009
2025-01-10 11:00:00,0.679,2699,London Marylebone Road,1-Pentene,1-Pentene,51.52253,-0.1546109999949009
2025-01-10 12:00:00,0.475,2699,London Marylebone Road,1-Pentene,1-Pentene,51.52253,-0.1546109999949009
2025-01-10 13:00:00,0.717,2699,London Marylebone Road,1-Pentene,1-Pentene,51.52253,-0.1546109999949009
2025-01-10 14:00:00,0.307,2699,London Marylebone Road,1-Pentene,1-Pentene,51.52253,-0.1546109999949009
2025-01-10 15:00:00,0.285,2699,London Marylebone Road,1-Pentene,1-Pentene,51.52253,-0.1546109999949009
2025-01-10 16:00:00,0.167,2699,London Marylebone Road,1-Pentene,1-Pentene,51.52253,-0.1546109999949009
2025-01-10 17:00:00,0.32,2699,London Marylebone Road,1-Pentene,1-Pentene,51.52253,-0.1546109999949009
2025-01-10 18:00:00,0.16,2699,London Marylebone Road,1-Pentene,1-Pentene,51.52253,-0.1546109999949009
2025-01-10 19:00:00,0.272,2699,London Marylebone Road,1-Pentene,1-Pentene,51.52253,-0.1546109999949009
2025-01-10 20:00:00,0.298,2699,London Marylebone Road,1-Pentene,1-Pentene,51.52253,-0.1546109999949009
2025-01-10 21:00:00,0.21,2699,London Marylebone Road,1-Pentene,1-Pentene,51.52253,-0.1546109999949009
2025-01-10 22:00:00,-99.0,2699,London Marylebone Road,1-Pentene,1-Pentene,51.52253,-0.1546109999949009
2025-01-10 23:00:00,-99.0,2699,London Marylebone Road,1-Pentene,1-Pentene,51.52253,-0.1546109999949009
2025-01-11 00:00:00,-99.0,2699,London Marylebone Road,1-Pentene,1-Pentene,51.52253,-0.1546109999949009
2025-01-11 01:00:00,-99.0,2699,London Marylebone Road,1-Pentene,1-Pentene,51.52253,-0.1546109999949009
2025-01-11 02:00:00,-99.0,2699,London Marylebone Road,1-Pentene,1-Pentene,51.52253,-0.1546109999949009
2025-01-11 03:00:00,0.211,2699,London Marylebone Road,1-Pentene,1-Pentene,51.52253,-0.1546109999949009
2025-01-11 04:00:00,0.23,2699,London Marylebone Road,1-Pentene,1-Pentene,51.52253,-0.1546109999949009
2025-01-11 05:00:00,0.231,2699,London Marylebone Road,1-Pentene,1-Pentene,51.52253,-0.1546109999949009
2025-01-11 06:00:00,0.285,2699,London Marylebone Road,1-Pentene,1-Pentene,51.52253,-0.1546109999949009
2025-01-11 07:00:00,0.136,2699,London Marylebone Road,1-Pentene,1-Pentene,51.52253,-0.1546109999949009
2025-01-11 08:00:00,0.159,2699,London Marylebone Road,1-Pentene,1-Pentene,51.52253,-0.1546109999949009
2025-01-11 09:00:00,0.33,2699,London Marylebone Road,1-Pentene,1-Pentene,51.52253,-0.1546109999949009
2025-01-11 10:00:00,0.304,2699,London Marylebone Road,1-Pentene,1-Pentene,51.52253,-0.1546109999949009
2025-01-11 11:00:00,0.273,2699,London Marylebone Road,1-Pentene,1-Pentene,51.52253,-0.1546109999949009
2025-01-11 12:00:00,0.143,2699,London Marylebone Road,1-Pentene,1-Pentene,51.52253,-0.1546109999949009
2025-01-11 13:00:00,0.202,2699,London Marylebone Road,1-Pentene,1-Pentene,51.52253,-0.1546109999949009
2025-01-11 14:00:00,0.195,2699,London Marylebone Road,1-Pentene,1-Pentene,51.52253,-0.1546109999949009
2025-01-11 15:00:00,0.203,2699,London Marylebone Road,1-Pentene,1-Pentene,51.52253,-0.1546109999949009
2025-01-11 16:00:00,0.196,2699,London Marylebone Road,1-Pentene,1-Pentene,51.52253,-0.1546109999949009
2025-01-11 17:00:00,0.21,2699,London Marylebone Road,1-Pentene,1-Pentene,51.52253,-0.1546109999949009
2025-01-11 18:00:00,0.269,2699,London Marylebone Road,1-Pentene,1-Pentene,51.52253,-0.1546109999949009
2025-01-11 19:00:00,0.423,2699,London Marylebone Road,1-Pentene,1-Pentene,51.52253,-0.1546109999949009
2025-01-11 20:00:00,0.436,2699,London Marylebone Road,1-Pentene,1-Pentene,51.52253,-0.1546109999949009
2025-01-11 21:00:00,0.261,2699,London Marylebone Road,1-Pentene,1-Pentene,51.52253,-0.1546109999949009
2025-01-11 22:00:00,0.46,2699,London Marylebone Road,1-Pentene,1-Pentene,51.52253,-0.1546109999949009
2025-01-11 23:00:00,0.53,2699,London Marylebone Road,1-Pentene,1-Pentene,51.52253,-0.1546109999949009
2025-01-12 00:00:00,0.469,2699,London Marylebone Road,1-Pentene,1-Pentene,51.52253,-0.1546109999949009
2025-01-12 01:00:00,0.322,2699,London Marylebone Road,1-Pentene,1-Pentene,51.52253,-0.1546109999949009
2025-01-12 02:00:00,0.399,2699,London Marylebone Road,1-Pentene,1-Pentene,51.52253,-0.1546109999949009
2025-01-12 03:00:00,0.473,2699,London Marylebone Road,1-Pentene,1-Pentene,51.52253,-0.1546109999949009
2025-01-12 04:00:00,0.487,2699,London Marylebone Road,1-Pentene,1-Pentene,51.52253,-0.1546109999949009
2025-01-12 05:00:00,0.516,2699,London Marylebone Road,1-Pentene,1-Pentene,51.52253,-0.1546109999949009
2025-01-12 06:00:00,0.646,2699,London Marylebone Road,1-Pentene,1-Pentene,51.52253,-0.1546109999949009
2025-01-12 07:00:00,0.499,2699,London Marylebone Road,1-Pentene,1-Pentene,51.52253,-0.1546109999949009
2025-01-12 08:00:00,0.431,2699,London Marylebone Road,1-Pentene,1-Pentene,51.52253,-0.1546109999949009
2025-01-12 09:00:00,0.354,2699,London Marylebone Road,1-Pentene,1-Pentene,51.52253,-0.1546109999949009
2025-01-12 10:00:00,0.365,2699,London Marylebone Road,1-Pentene,1-Pentene,51.52253,-0.1546109999949009
2025-01-12 11:00:00,0.293,2699,London Marylebone Road,1-Pentene,1-Pentene,51.52253,-0.1546109999949009
2025-01-12 12:00:00,0.257,2699,London Marylebone Road,1-Pentene,1-Pentene,51.52253,-0.1546109999949009
2025-01-12 13:00:00,0.253,2699,London Marylebone Road,1-Pentene,1-Pentene,51.52253,-0.1546109999949009
2025-01-12 14:00:00,0.16,2699,London Marylebone Road,1-Pentene,1-Pentene,51.52253,-0.1546109999949009
2025-01-12 15:00:00,0.201,2699,London Marylebone Road,1-Pentene,1-Pentene,51.52253,-0.1546109999949009
2025-01-12 16:00:00,0.152,2699,London Marylebone Road,1-Pentene,1-Pentene,51.52253,-0.1546109999949009
2025-01-12 17:00:00,0.13,2699,London Marylebone Road,1-Pentene,1-Pentene,51.52253,-0.1546109999949009
2025-01-12 18:00:00,0.137,2699,London Marylebone Road,1-Pentene,1-Pentene,51.52253,-0.1546109999949009
2025-01-12 19:00:00,0.367,2699,London Marylebone Road,1-Pentene,1-Pentene,51.52253,-0.1546109999949009
2025-01-12 20:00:00,0.166,2699,London Marylebone Road,1-Pentene,1-Pentene,51.52253,-0.1546109999949009
2025-01-12 21:00:00,0.202,2699,London Marylebone Road,1-Pentene,1-Pentene,51.52253,-0.1546109999949009
2025-01-12 22:00:00,0.143,2699,London Marylebone Road,1-Pentene,1-Pentene,51.52253,-0.1546109999949009
2025-01-12 23:00:00,0.095,2699,London Marylebone Road,1-Pentene,1-Pentene,51.52253,-0.1546109999949009
2025-01-13 00:00:00,0.094,2699,London Marylebone Road,1-Pentene,1-Pentene,51.52253,-0.1546109999949009
2025-01-13 01:00:00,0.08,2699,London Marylebone Road,1-Pentene,1-Pentene,51.52253,-0.1546109999949009
2025-01-13 02:00:00,0.015,2699,London Marylebone Road,1-Pentene,1-Pentene,51.52253,-0.1546109999949009
2025-01-13 03:00:00,0.065,2699,London Marylebone Road,1-Pentene,1-Pentene,51.52253,-0.1546109999949009
2025-01-13 04:00:00,0.039,2699,London Marylebone Road,1-Pentene,1-Pentene,51.52253,-0.1546109999949009
2025-01-13 05:00:00,0.044,2699,London Marylebone Road,1-Pentene,1-Pentene,51.52253,-0.1546109999949009
2025-01-13 06:00:00,0.063,2699,London Marylebone Road,1-Pentene,1-Pentene,51.52253,-0.1546109999949009
2025-01-13 07:00:00,0.084,2699,London Marylebone Road,1-Pentene,1-Pentene,51.52253,-0.1546109999949009
2025-01-13 08:00:00,0.114,2699,London Marylebone Road,1-Pentene,1-Pentene,51.52253,-0.1546109999949009
2025-01-13 09:00:00,0.144,2699,London Marylebone Road,1-Pentene,1-Pentene,51.52253,-0.1546109999949009
2025-01-13 10:00:00,0.328,2699,London Marylebone Road,1-Pentene,1-Pentene,51.52253,-0.1546109999949009
2025-01-13 11:00:00,0.517,2699,London Marylebone Road,1-Pentene,1-Pentene,51.52253,-0.1546109999949009
2025-01-13 12:00:00,0.351,2699,London Marylebone Road,1-Pentene,1-Pentene,51.52253,-0.1546109999949009
2025-01-13 13:00:00,0.288,2699,London Marylebone Road,1-Pentene,1-Pentene,51.52253,-0.1546109999949009
2025-01-13 14:00:00,0.394,2699,London Marylebone Road,1-Pentene,1-Pentene,51.52253,-0.1546109999949009
2025-01-13 15:00:00,0.114,2699,London Marylebone Road,1-Pentene,1-Pentene,51.52253,-0.1546109999949009
2025-01-13 16:00:00,0.086,2699,London Marylebone Road,1-Pentene,1-Pentene,51.52253,-0.1546109999949009
2025-01-13 17:00:00,0.117,2699,London Marylebone Road,1-Pentene,1-Pentene,51.52253,-0.1546109999949009
2025-01-13 18:00:00,0.109,2699,London Marylebone Road,1-Pentene,1-Pentene,51.52253,-0.1546109999949009
2025-01-13 19:00:00,0.114,2699,London Marylebone Road,1-Pentene,1-Pentene,51.52253,-0.1546109999949009
2025-01-13 20:00:00,0.134,2699,London Marylebone Road,1-Pentene,1-Pentene,51.52253,-0.1546109999949009
2025-01-13 21:00:00,0.12,2699,London Marylebone Road,1-Pentene,1-Pentene,51.52253,-0.1546109999949009
2025-01-13 22:00:00,0.133,2699,London Marylebone Road,1-Pentene,1-Pentene,51.52253,-0.1546109999949009
2025-01-13 23:00:00,0.222,2699,London Marylebone Road,1-Pentene,1-Pentene,51.52253,-0.1546109999949009
2025-01-14 00:00:00,0.078,2699,London Marylebone Road,1-Pentene,1-Pentene,51.52253,-0.1546109999949009
2025-01-14 01:00:00,0.015,2699,London Marylebone Road,1-Pentene,1-Pentene,51.52253,-0.1546109999949009
2025-01-14 02:00:00,0.323,2699,London Marylebone Road,1-Pentene,1-Pentene,51.52253,-0.1546109999949009
2025-01-14 03:00:00,0.041,2699,London Marylebone Road,1-Pentene,1-Pentene,51.52253,-0.1546109999949009
2025-01-14 04:00:00,0.015,2699,London Marylebone Road,1-Pentene,1-Pentene,51.52253,-0.1546109999949009
2025-01-14 05:00:00,0.051,2699,London Marylebone Road,1-Pentene,1-Pentene,51.52253,-0.1546109999949009
2025-01-14 06:00:00,0.094,2699,London Marylebone Road,1-Pentene,1-Pentene,51.52253,-0.1546109999949009
2025-01-14 07:00:00,0.105,2699,London Marylebone Road,1-Pentene,1-Pentene,51.52253,-0.1546109999949009
2025-01-14 08:00:00,0.252,2699,London Marylebone Road,1-Pentene,1-Pentene,51.52253,-0.1546109999949009
2025-01-14 09:00:00,0.073,2699,London Marylebone Road,1-Pentene,1-Pentene,51.52253,-0.1546109999949009
2025-01-14 10:00:00,0.13,2699,London Marylebone Road,1-Pentene,1-Pentene,51.52253,-0.1546109999949009
2025-01-14 11:00:00,0.15,2699,London Marylebone Road,1-Pentene,1-Pentene,51.52253,-0.1546109999949009
2025-01-14 12:00:00,0.083,2699,London Marylebone Road,1-Pentene,1-Pentene,51.52253,-0.1546109999949009
2025-01-14 13:00:00,0.179,2699,London Marylebone Road,1-Pentene,1-Pentene,51.52253,-0.1546109999949009
2025-01-14 14:00:00,0.129,2699,London Marylebone Road,1-Pentene,1-Pentene,51.52253,-0.1546109999949009
2025-01-14 15:00:00,0.175,2699,London Marylebone Road,1-Pentene,1-Pentene,51.52253,-0.1546109999949009
2025-01-14 16:00:00,0.168,2699,London Marylebone Road,1-Pentene,1-Pentene,51.52253,-0.1546109999949009
2025-01-14 17:00:00,0.015,2699,London Marylebone Road,1-Pentene,1-Pentene,51.52253,-0.1546109999949009
2025-01-14 18:00:00,0.205,2699,London Marylebone Road,1-Pentene,1-Pentene,51.52253,-0.1546109999949009
2025-01-14 19:00:00,0.171,2699,London Marylebone Road,1-Pentene,1-Pentene,51.52253,-0.1546109999949009
2025-01-14 20:00:00,0.284,2699,London Marylebone Road,1-Pentene,1-Pentene,51.52253,-0.1546109999949009
2025-01-14 21:00:00,0.192,2699,London Marylebone Road,1-Pentene,1-Pentene,51.52253,-0.1546109999949009
2025-01-14 22:00:00,0.137,2699,London Marylebone Road,1-Pentene,1-Pentene,51.52253,-0.1546109999949009
2025-01-14 23:00:00,0.234,2699,London Marylebone Road,1-Pentene,1-Pentene,51.52253,-0.1546109999949009
2025-01-15 00:00:00,0.2,2699,London Marylebone Road,1-Pentene,1-Pentene,51.52253,-0.1546109999949009
2025-01-15 01:00:00,0.131,2699,London Marylebone Road,1-Pentene,1-Pentene,51.52253,-0.1546109999949009
2025-01-15 02:00:00,0.098,2699,London Marylebone Road,1-Pentene,1-Pentene,51.52253,-0.1546109999949009
2025-01-15 03:00:00,0.112,2699,London Marylebone Road,1-Pentene,1-Pentene,51.52253,-0.1546109999949009
2025-01-15 04:00:00,0.086,2699,London Marylebone Road,1-Pentene,1-Pentene,51.52253,-0.1546109999949009
2025-01-15 05:00:00,0.09,2699,London Marylebone Road,1-Pentene,1-Pentene,51.52253,-0.1546109999949009
2025-01-15 06:00:00,0.112,2699,London Marylebone Road,1-Pentene,1-Pentene,51.52253,-0.1546109999949009
2025-01-15 07:00:00,0.133,2699,London Marylebone Road,1-Pentene,1-Pentene,51.52253,-0.1546109999949009
2025-01-15 08:00:00,0.118,2699,London Marylebone Road,1-Pentene,1-Pentene,51.52253,-0.1546109999949009
2025-01-15 09:00:00,0.154,2699,London Marylebone Road,1-Pentene,1-Pentene,51.52253,-0.1546109999949009
2025-01-15 10:00:00,0.128,2699,London Marylebone Road,1-Pentene,1-Pentene,51.52253,-0.1546109999949009
2025-01-15 11:00:00,0.077,2699,London Marylebone Road,1-Pentene,1-Pentene,51.52253,-0.1546109999949009
2025-01-15 12:00:00,0.015,2699,London Marylebone Road,1-Pentene,1-Pentene,51.52253,-0.1546109999949009
2025-01-15 13:00:00,0.115,2699,London Marylebone Road,1-Pentene,1-Pentene,51.52253,-0.1546109999949009
2025-01-15 14:00:00,0.13,2699,London Marylebone Road,1-Pentene,1-Pentene,51.52253,-0.1546109999949009
2025-01-15 15:00:00,0.143,2699,London Marylebone Road,1-Pentene,1-Pentene,51.52253,-0.1546109999949009
2025-01-15 16:00:00,0.169,2699,London Marylebone Road,1-Pentene,1-Pentene,51.52253,-0.1546109999949009
2025-01-15 17:00:00,0.145,2699,London Marylebone Road,1-Pentene,1-Pentene,51.52253,-0.1546109999949009
2025-01-15 18:00:00,0.128,2699,London Marylebone Road,1-Pentene,1-Pentene,51.52253,-0.1546109999949009
2025-01-15 19:00:00,0.206,2699,London Marylebone Road,1-Pentene,1-Pentene,51.52253,-0.1546109999949009
2025-01-15 20:00:00,0.155,2699,London Marylebone Road,1-Pentene,1-Pentene,51.52253,-0.1546109999949009
2025-01-15 21:00:00,0.125,2699,London Marylebone Road,1-Pentene,1-Pentene,51.52253,-0.1546109999949009
2025-01-15 22:00:00,0.143,2699,London Marylebone Road,1-Pentene,1-Pentene,51.52253,-0.1546109999949009
2025-01-15 23:00:00,0.148,2699,London Marylebone Road,1-Pentene,1-Pentene,51.52253,-0.1546109999949009
2025-01-16 00:00:00,0.15,2699,London Marylebone Road,1-Pentene,1-Pentene,51.52253,-0.1546109999949009
2025-01-16 01:00:00,0.11,2699,London Marylebone Road,1-Pentene,1-Pentene,51.52253,-0.1546109999949009
2025-01-16 02:00:00,0.102,2699,London Marylebone Road,1-Pentene,1-Pentene,51.52253,-0.1546109999949009
2025-01-16 03:00:00,0.072,2699,London Marylebone Road,1-Pentene,1-Pentene,51.52253,-0.1546109999949009
2025-01-16 04:00:00,0.044,2699,London Marylebone Road,1-Pentene,1-Pentene,51.52253,-0.1546109999949009
2025-01-16 05:00:00,0.015,2699,London Marylebone Road,1-Pentene,1-Pentene,51.52253,-0.1546109999949009
2025-01-16 06:00:00,0.126,2699,London Marylebone Road,1-Pentene,1-Pentene,51.52253,-0.1546109999949009
2025-01-16 07:00:00,0.067,2699,London Marylebone Road,1-Pentene,1-Pentene,51.52253,-0.1546109999949009
2025-01-16 08:00:00,0.06,2699,London Marylebone Road,1-Pentene,1-Pentene,51.52253,-0.1546109999949009
2025-01-16 09:00:00,0.118,2699,London Marylebone Road,1-Pentene,1-Pentene,51.52253,-0.1546109999949009
2025-01-16 10:00:00,0.015,2699,London Marylebone Road,1-Pentene,1-Pentene,51.52253,-0.1546109999949009
2025-01-16 11:00:00,0.094,2699,London Marylebone Road,1-Pentene,1-Pentene,51.52253,-0.1546109999949009
2025-01-16 12:00:00,0.092,2699,London Marylebone Road,1-Pentene,1-Pentene,51.52253,-0.1546109999949009
2025-01-16 13:00:00,0.101,2699,London Marylebone Road,1-Pentene,1-Pentene,51.52253,-0.1546109999949009
2025-01-16 14:00:00,0.139,2699,London Marylebone Road,1-Pentene,1-Pentene,51.52253,-0.1546109999949009
2025-01-16 15:00:00,0.061,2699,London Marylebone Road,1-Pentene,1-Pentene,51.52253,-0.1546109999949009
2025-01-16 16:00:00,0.139,2699,London Marylebone Road,1-Pentene,1-Pentene,51.52253,-0.1546109999949009
2025-01-16 17:00:00,0.084,2699,London Marylebone Road,1-Pentene,1-Pentene,51.52253,-0.1546109999949009
2025-01-16 18:00:00,0.099,2699,London Marylebone Road,1-Pentene,1-Pentene,51.52253,-0.1546109999949009
2025-01-16 19:00:00,0.126,2699,London Marylebone Road,1-Pentene,1-Pentene,51.52253,-0.1546109999949009
2025-01-16 20:00:00,0.109,2699,London Marylebone Road,1-Pentene,1-Pentene,51.52253,-0.1546109999949009
2025-01-16 21:00:00,0.103,2699,London Marylebone Road,1-Pentene,1-Pentene,51.52253,-0.1546109999949009
2025-01-16 22:00:00,0.159,2699,London Marylebone Road,1-Pentene,1-Pentene,51.52253,-0.1546109999949009
2025-01-16 23:00:00,0.081,2699,London Marylebone Road,1-Pentene,1-Pentene,51.52253,-0.1546109999949009
2025-01-17 00:00:00,0.083,2699,London Marylebone Road,1-Pentene,1-Pentene,51.52253,-0.1546109999949009
2025-01-17 01:00:00,0.129,2699,London Marylebone Road,1-Pentene,1-Pentene,51.52253,-0.1546109999949009
2025-01-17 02:00:00,0.12,2699,London Marylebone Road,1-Pentene,1-Pentene,51.52253,-0.1546109999949009
2025-01-17 03:00:00,0.015,2699,London Marylebone Road,1-Pentene,1-Pentene,51.52253,-0.1546109999949009
2025-01-17 04:00:00,0.094,2699,London Marylebone Road,1-Pentene,1-Pentene,51.52253,-0.1546109999949009
2025-01-17 05:00:00,0.015,2699,London Marylebone Road,1-Pentene,1-Pentene,51.52253,-0.1546109999949009
2025-01-17 06:00:00,0.015,2699,London Marylebone Road,1-Pentene,1-Pentene,51.52253,-0.1546109999949009
2025-01-17 07:00:00,0.015,2699,London Marylebone Road,1-Pentene,1-Pentene,51.52253,-0.1546109999949009
2025-01-17 08:00:00,0.101,2699,London Marylebone Road,1-Pentene,1-Pentene,51.52253,-0.1546109999949009
2025-01-17 09:00:00,0.015,2699,London Marylebone Road,1-Pentene,1-Pentene,51.52253,-0.1546109999949009
2025-01-17 10:00:00,0.099,2699,London Marylebone Road,1-Pentene,1-Pentene,51.52253,-0.1546109999949009
2025-01-17 11:00:00,0.06,2699,London Marylebone Road,1-Pentene,1-Pentene,51.52253,-0.1546109999949009
2025-01-17 12:00:00,0.154,2699,London Marylebone Road,1-Pentene,1-Pentene,51.52253,-0.1546109999949009
2025-01-17 13:00:00,0.074,2699,London Marylebone Road,1-Pentene,1-Pentene,51.52253,-0.1546109999949009
2025-01-17 14:00:00,0.096,2699,London Marylebone Road,1-Pentene,1-Pentene,51.52253,-0.1546109999949009
2025-01-17 15:00:00,0.089,2699,London Marylebone Road,1-Pentene,1-Pentene,51.52253,-0.1546109999949009
2025-01-17 16:00:00,0.145,2699,London Marylebone Road,1-Pentene,1-Pentene,51.52253,-0.1546109999949009
2025-01-17 17:00:00,0.109,2699,London Marylebone Road,1-Pentene,1-Pentene,51.52253,-0.1546109999949009
2025-01-17 18:00:00,0.111,2699,London Marylebone Road,1-Pentene,1-Pentene,51.52253,-0.1546109999949009
2025-01-17 19:00:00,0.121,2699,London Marylebone Road,1-Pentene,1-Pentene,51.52253,-0.1546109999949009
2025-01-17 20:00:00,0.128,2699,London Marylebone Road,1-Pentene,1-Pentene,51.52253,-0.1546109999949009
2025-01-17 21:00:00,0.139,2699,London Marylebone Road,1-Pentene,1-Pentene,51.52253,-0.1546109999949009
2025-01-17 22:00:00,-99.0,2699,London Marylebone Road,1-Pentene,1-Pentene,51.52253,-0.1546109999949009
2025-01-17 23:00:00,-99.0,2699,London Marylebone Road,1-Pentene,1-Pentene,51.52253,-0.1546109999949009
2025-01-18 00:00:00,-99.0,2699,London Marylebone Road,1-Pentene,1-Pentene,51.52253,-0.1546109999949009
2025-01-18 01:00:00,-99.0,2699,London Marylebone Road,1-Pentene,1-Pentene,51.52253,-0.1546109999949009
2025-01-18 02:00:00,-99.0,2699,London Marylebone Road,1-Pentene,1-Pentene,51.52253,-0.1546109999949009
2025-01-18 03:00:00,0.13,2699,London Marylebone Road,1-Pentene,1-Pentene,51.52253,-0.1546109999949009
2025-01-18 04:00:00,0.078,2699,London Marylebone Road,1-Pentene,1-Pentene,51.52253,-0.1546109999949009
2025-01-18 05:00:00,0.045,2699,London Marylebone Road,1-Pentene,1-Pentene,51.52253,-0.1546109999949009
2025-01-18 06:00:00,0.123,2699,London Marylebone Road,1-Pentene,1-Pentene,51.52253,-0.1546109999949009
2025-01-18 07:00:00,0.086,2699,London Marylebone Road,1-Pentene,1-Pentene,51.52253,-0.1546109999949009
2025-01-18 08:00:00,0.048,2699,London Marylebone Road,1-Pentene,1-Pentene,51.52253,-0.1546109999949009
2025-01-18 09:00:00,0.012,2699,London Marylebone Road,1-Pentene,1-Pentene,51.52253,-0.1546109999949009
2025-01-18 10:00:00,0.015,2699,London Marylebone Road,1-Pentene,1-Pentene,51.52253,-0.1546109999949009
2025-01-18 11:00:00,0.015,2699,London Marylebone Road,1-Pentene,1-Pentene,51.52253,-0.1546109999949009
2025-01-18 12:00:00,0.015,2699,London Marylebone Road,1-Pentene,1-Pentene,51.52253,-0.1546109999949009
2025-01-18 13:00:00,0.015,2699,London Marylebone Road,1-Pentene,1-Pentene,51.52253,-0.1546109999949009
2025-01-18 14:00:00,0.015,2699,London Marylebone Road,1-Pentene,1-Pentene,51.52253,-0.1546109999949009
2025-01-18 15:00:00,0.015,2699,London Marylebone Road,1-Pentene,1-Pentene,51.52253,-0.1546109999949009
2025-01-18 16:00:00,0.015,2699,London Marylebone Road,1-Pentene,1-Pentene,51.52253,-0.1546109999949009
2025-01-18 17:00:00,0.129,2699,London Marylebone Road,1-Pentene,1-Pentene,51.52253,-0.1546109999949009
2025-01-18 18:00:00,0.474,2699,London Marylebone Road,1-Pentene,1-Pentene,51.52253,-0.1546109999949009
2025-01-18 19:00:00,0.12,2699,London Marylebone Road,1-Pentene,1-Pentene,51.52253,-0.1546109999949009
2025-01-18 20:00:00,0.357,2699,London Marylebone Road,1-Pentene,1-Pentene,51.52253,-0.1546109999949009
2025-01-18 21:00:00,0.143,2699,London Marylebone Road,1-Pentene,1-Pentene,51.52253,-0.1546109999949009
2025-01-18 22:00:00,0.219,2699,London Marylebone Road,1-Pentene,1-Pentene,51.52253,-0.1546109999949009
2025-01-18 23:00:00,0.118,2699,London Marylebone Road,1-Pentene,1-Pentene,51.52253,-0.1546109999949009
2025-01-19 00:00:00,0.07,2699,London Marylebone Road,1-Pentene,1-Pentene,51.52253,-0.1546109999949009
2025-01-19 01:00:00,0.073,2699,London Marylebone Road,1-Pentene,1-Pentene,51.52253,-0.1546109999949009
2025-01-19 02:00:00,0.038,2699,London Marylebone Road,1-Pentene,1-Pentene,51.52253,-0.1546109999949009
2025-01-19 03:00:00,0.015,2699,London Marylebone Road,1-Pentene,1-Pentene,51.52253,-0.1546109999949009
2025-01-19 04:00:00,0.035,2699,London Marylebone Road,1-Pentene,1-Pentene,51.52253,-0.1546109999949009
2025-01-19 05:00:00,0.024,2699,London Marylebone Road,1-Pentene,1-Pentene,51.52253,-0.1546109999949009
2025-01-19 06:00:00,0.015,2699,London Marylebone Road,1-Pentene,1-Pentene,51.52253,-0.1546109999949009
2025-01-19 07:00:00,0.141,2699,London Marylebone Road,1-Pentene,1-Pentene,51.52253,-0.1546109999949009
2025-01-19 08:00:00,0.16,2699,London Marylebone Road,1-Pentene,1-Pentene,51.52253,-0.1546109999949009
2025-01-19 09:00:00,0.156,2699,London Marylebone Road,1-Pentene,1-Pentene,51.52253,-0.1546109999949009
2025-01-19 10:00:00,0.029,2699,London Marylebone Road,1-Pentene,1-Pentene,51.52253,-0.1546109999949009
2025-01-19 11:00:00,0.055,2699,London Marylebone Road,1-Pentene,1-Pentene,51.52253,-0.1546109999949009
2025-01-19 12:00:00,0.209,2699,London Marylebone Road,1-Pentene,1-Pentene,51.52253,-0.1546109999949009
2025-01-19 13:00:00,0.015,2699,London Marylebone Road,1-Pentene,1-Pentene,51.52253,-0.1546109999949009
2025-01-19 14:00:00,0.099,2699,London Marylebone Road,1-Pentene,1-Pentene,51.52253,-0.1546109999949009
2025-01-19 15:00:00,0.268,2699,London Marylebone Road,1-Pentene,1-Pentene,51.52253,-0.1546109999949009
2025-01-19 16:00:00,0.256,2699,London Marylebone Road,1-Pentene,1-Pentene,51.52253,-0.1546109999949009
2025-01-19 17:00:00,0.089,2699,London Marylebone Road,1-Pentene,1-Pentene,51.52253,-0.1546109999949009
2025-01-19 18:00:00,0.229,2699,London Marylebone Road,1-Pentene,1-Pentene,51.52253,-0.1546109999949009
2025-01-19 19:00:00,0.273,2699,London Marylebone Road,1-Pentene,1-Pentene,51.52253,-0.1546109999949009
2025-01-19 20:00:00,0.111,2699,London Marylebone Road,1-Pentene,1-Pentene,51.52253,-0.1546109999949009
2025-01-19 21:00:00,0.201,2699,London Marylebone Road,1-Pentene,1-Pentene,51.52253,-0.1546109999949009
2025-01-19 22:00:00,0.049,2699,London Marylebone Road,1-Pentene,1-Pentene,51.52253,-0.1546109999949009
2025-01-19 23:00:00,0.23,2699,London Marylebone Road,1-Pentene,1-Pentene,51.52253,-0.1546109999949009
2025-01-20 00:00:00,0.221,2699,London Marylebone Road,1-Pentene,1-Pentene,51.52253,-0.1546109999949009
2025-01-20 01:00:00,0.16,2699,London Marylebone Road,1-Pentene,1-Pentene,51.52253,-0.1546109999949009
2025-01-20 02:00:00,0.292,2699,London Marylebone Road,1-Pentene,1-Pentene,51.52253,-0.1546109999949009
2025-01-20 03:00:00,0.048,2699,London Marylebone Road,1-Pentene,1-Pentene,51.52253,-0.1546109999949009
2025-01-20 04:00:00,0.148,2699,London Marylebone Road,1-Pentene,1-Pentene,51.52253,-0.1546109999949009
2025-01-20 05:00:00,0.29,2699,London Marylebone Road,1-Pentene,1-Pentene,51.52253,-0.1546109999949009
2025-01-20 06:00:00,0.094,2699,London Marylebone Road,1-Pentene,1-Pentene,51.52253,-0.1546109999949009
2025-01-20 07:00:00,0.057,2699,London Marylebone Road,1-Pentene,1-Pentene,51.52253,-0.1546109999949009
2025-01-20 08:00:00,0.17,2699,London Marylebone Road,1-Pentene,1-Pentene,51.52253,-0.1546109999949009
2025-01-20 09:00:00,0.105,2699,London Marylebone Road,1-Pentene,1-Pentene,51.52253,-0.1546109999949009
2025-01-20 10:00:00,0.303,2699,London Marylebone Road,1-Pentene,1-Pentene,51.52253,-0.1546109999949009
2025-01-20 11:00:00,0.158,2699,London Marylebone Road,1-Pentene,1-Pentene,51.52253,-0.1546109999949009
2025-01-20 12:00:00,0.087,2699,London Marylebone Road,1-Pentene,1-Pentene,51.52253,-0.1546109999949009
2025-01-20 13:00:00,0.097,2699,London Marylebone Road,1-Pentene,1-Pentene,51.52253,-0.1546109999949009
2025-01-20 14:00:00,0.107,2699,London Marylebone Road,1-Pentene,1-Pentene,51.52253,-0.1546109999949009
2025-01-20 15:00:00,0.168,2699,London Marylebone Road,1-Pentene,1-Pentene,51.52253,-0.1546109999949009
2025-01-20 16:00:00,0.187,2699,London Marylebone Road,1-Pentene,1-Pentene,51.52253,-0.1546109999949009
2025-01-20 17:00:00,0.175,2699,London Marylebone Road,1-Pentene,1-Pentene,51.52253,-0.1546109999949009
2025-01-20 18:00:00,0.183,2699,London Marylebone Road,1-Pentene,1-Pentene,51.52253,-0.1546109999949009
2025-01-20 19:00:00,0.204,2699,London Marylebone Road,1-Pentene,1-Pentene,51.52253,-0.1546109999949009
2025-01-20 20:00:00,0.226,2699,London Marylebone Road,1-Pentene,1-Pentene,51.52253,-0.1546109999949009
2025-01-20 21:00:00,0.306,2699,London Marylebone Road,1-Pentene,1-Pentene,51.52253,-0.1546109999949009
2025-01-20 22:00:00,0.284,2699,London Marylebone Road,1-Pentene,1-Pentene,51.52253,-0.1546109999949009
2025-01-20 23:00:00,0.155,2699,London Marylebone Road,1-Pentene,1-Pentene,51.52253,-0.1546109999949009
2025-01-21 00:00:00,0.128,2699,London Marylebone Road,1-Pentene,1-Pentene,51.52253,-0.1546109999949009
2025-01-21 01:00:00,0.157,2699,London Marylebone Road,1-Pentene,1-Pentene,51.52253,-0.1546109999949009
2025-01-21 02:00:00,0.158,2699,London Marylebone Road,1-Pentene,1-Pentene,51.52253,-0.1546109999949009
2025-01-21 03:00:00,0.117,2699,London Marylebone Road,1-Pentene,1-Pentene,51.52253,-0.1546109999949009
2025-01-21 04:00:00,0.093,2699,London Marylebone Road,1-Pentene,1-Pentene,51.52253,-0.1546109999949009
2025-01-21 05:00:00,0.086,2699,London Marylebone Road,1-Pentene,1-Pentene,51.52253,-0.1546109999949009
2025-01-21 06:00:00,0.075,2699,London Marylebone Road,1-Pentene,1-Pentene,51.52253,-0.1546109999949009
2025-01-21 07:00:00,0.125,2699,London Marylebone Road,1-Pentene,1-Pentene,51.52253,-0.1546109999949009
2025-01-21 08:00:00,0.114,2699,London Marylebone Road,1-Pentene,1-Pentene,51.52253,-0.1546109999949009
2025-01-21 09:00:00,0.141,2699,London Marylebone Road,1-Pentene,1-Pentene,51.52253,-0.1546109999949009
2025-01-21 10:00:00,0.015,2699,London Marylebone Road,1-Pentene,1-Pentene,51.52253,-0.1546109999949009
2025-01-21 11:00:00,0.141,2699,London Marylebone Road,1-Pentene,1-Pentene,51.52253,-0.1546109999949009
2025-01-21 12:00:00,0.126,2699,London Marylebone Road,1-Pentene,1-Pentene,51.52253,-0.1546109999949009
2025-01-21 13:00:00,0.119,2699,London Marylebone Road,1-Pentene,1-Pentene,51.52253,-0.1546109999949009
2025-01-21 14:00:00,0.104,2699,London Marylebone Road,1-Pentene,1-Pentene,51.52253,-0.1546109999949009
2025-01-21 15:00:00,0.112,2699,London Marylebone Road,1-Pentene,1-Pentene,51.52253,-0.1546109999949009
2025-01-21 16:00:00,0.103,2699,London Marylebone Road,1-Pentene,1-Pentene,51.52253,-0.1546109999949009
2025-01-21 17:00:00,0.107,2699,London Marylebone Road,1-Pentene,1-Pentene,51.52253,-0.1546109999949009
2025-01-21 18:00:00,0.108,2699,London Marylebone Road,1-Pentene,1-Pentene,51.52253,-0.1546109999949009
2025-01-21 19:00:00,0.156,2699,London Marylebone Road,1-Pentene,1-Pentene,51.52253,-0.1546109999949009
2025-01-21 20:00:00,0.145,2699,London Marylebone Road,1-Pentene,1-Pentene,51.52253,-0.1546109999949009
2025-01-21 21:00:00,0.165,2699,London Marylebone Road,1-Pentene,1-Pentene,51.52253,-0.1546109999949009
2025-01-21 22:00:00,0.119,2699,London Marylebone Road,1-Pentene,1-Pentene,51.52253,-0.1546109999949009
2025-01-21 23:00:00,0.073,2699,London Marylebone Road,1-Pentene,1-Pentene,51.52253,-0.1546109999949009
2025-01-22 00:00:00,0.112,2699,London Marylebone Road,1-Pentene,1-Pentene,51.52253,-0.1546109999949009
2025-01-22 01:00:00,0.182,2699,London Marylebone Road,1-Pentene,1-Pentene,51.52253,-0.1546109999949009
2025-01-22 02:00:00,0.095,2699,London Marylebone Road,1-Pentene,1-Pentene,51.52253,-0.1546109999949009
2025-01-22 03:00:00,0.105,2699,London Marylebone Road,1-Pentene,1-Pentene,51.52253,-0.1546109999949009
2025-01-22 04:00:00,0.196,2699,London Marylebone Road,1-Pentene,1-Pentene,51.52253,-0.1546109999949009
2025-01-22 05:00:00,0.122,2699,London Marylebone Road,1-Pentene,1-Pentene,51.52253,-0.1546109999949009
2025-01-22 06:00:00,0.089,2699,London Marylebone Road,1-Pentene,1-Pentene,51.52253,-0.1546109999949009
2025-01-22 07:00:00,0.103,2699,London Marylebone Road,1-Pentene,1-Pentene,51.52253,-0.1546109999949009
2025-01-22 08:00:00,0.077,2699,London Marylebone Road,1-Pentene,1-Pentene,51.52253,-0.1546109999949009
2025-01-22 09:00:00,0.081,2699,London Marylebone Road,1-Pentene,1-Pentene,51.52253,-0.1546109999949009
2025-01-22 10:00:00,0.089,2699,London Marylebone Road,1-Pentene,1-Pentene,51.52253,-0.1546109999949009
2025-01-22 11:00:00,0.177,2699,London Marylebone Road,1-Pentene,1-Pentene,51.52253,-0.1546109999949009
2025-01-22 12:00:00,0.076,2699,London Marylebone Road,1-Pentene,1-Pentene,51.52253,-0.1546109999949009
2025-01-22 13:00:00,0.025,2699,London Marylebone Road,1-Pentene,1-Pentene,51.52253,-0.1546109999949009
2025-01-22 14:00:00,0.069,2699,London Marylebone Road,1-Pentene,1-Pentene,51.52253,-0.1546109999949009
2025-01-22 15:00:00,0.075,2699,London Marylebone Road,1-Pentene,1-Pentene,51.52253,-0.1546109999949009
2025-01-22 16:00:00,0.116,2699,London Marylebone Road,1-Pentene,1-Pentene,51.52253,-0.1546109999949009
2025-01-22 17:00:00,0.022,2699,London Marylebone Road,1-Pentene,1-Pentene,51.52253,-0.1546109999949009
2025-01-22 18:00:00,0.125,2699,London Marylebone Road,1-Pentene,1-Pentene,51.52253,-0.1546109999949009
2025-01-22 19:00:00,0.139,2699,London Marylebone Road,1-Pentene,1-Pentene,51.52253,-0.1546109999949009
2025-01-22 20:00:00,0.152,2699,London Marylebone Road,1-Pentene,1-Pentene,51.52253,-0.1546109999949009
2025-01-22 21:00:00,0.151,2699,London Marylebone Road,1-Pentene,1-Pentene,51.52253,-0.1546109999949009
2025-01-22 22:00:00,0.131,2699,London Marylebone Road,1-Pentene,1-Pentene,51.52253,-0.1546109999949009
2025-01-22 23:00:00,0.107,2699,London Marylebone Road,1-Pentene,1-Pentene,51.52253,-0.1546109999949009
2025-01-23 00:00:00,0.165,2699,London Marylebone Road,1-Pentene,1-Pentene,51.52253,-0.1546109999949009
2025-01-23 01:00:00,0.146,2699,London Marylebone Road,1-Pentene,1-Pentene,51.52253,-0.1546109999949009
2025-01-23 02:00:00,0.091,2699,London Marylebone Road,1-Pentene,1-Pentene,51.52253,-0.1546109999949009
2025-01-23 03:00:00,0.123,2699,London Marylebone Road,1-Pentene,1-Pentene,51.52253,-0.1546109999949009
2025-01-23 04:00:00,0.162,2699,London Marylebone Road,1-Pentene,1-Pentene,51.52253,-0.1546109999949009
2025-01-23 05:00:00,0.108,2699,London Marylebone Road,1-Pentene,1-Pentene,51.52253,-0.1546109999949009
2025-01-23 06:00:00,0.024,2699,London Marylebone Road,1-Pentene,1-Pentene,51.52253,-0.1546109999949009
2025-01-23 07:00:00,0.015,2699,London Marylebone Road,1-Pentene,1-Pentene,51.52253,-0.1546109999949009
2025-01-23 08:00:00,0.054,2699,London Marylebone Road,1-Pentene,1-Pentene,51.52253,-0.1546109999949009
2025-01-23 09:00:00,0.141,2699,London Marylebone Road,1-Pentene,1-Pentene,51.52253,-0.1546109999949009
2025-01-23 10:00:00,0.095,2699,London Marylebone Road,1-Pentene,1-Pentene,51.52253,-0.1546109999949009
2025-01-23 11:00:00,0.065,2699,London Marylebone Road,1-Pentene,1-Pentene,51.52253,-0.1546109999949009
2025-01-23 12:00:00,0.015,2699,London Marylebone Road,1-Pentene,1-Pentene,51.52253,-0.1546109999949009
2025-01-23 13:00:00,0.122,2699,London Marylebone Road,1-Pentene,1-Pentene,51.52253,-0.1546109999949009
2025-01-23 14:00:00,0.095,2699,London Marylebone Road,1-Pentene,1-Pentene,51.52253,-0.1546109999949009
2025-01-23 15:00:00,0.121,2699,London Marylebone Road,1-Pentene,1-Pentene,51.52253,-0.1546109999949009
2025-01-23 16:00:00,0.116,2699,London Marylebone Road,1-Pentene,1-Pentene,51.52253,-0.1546109999949009
2025-01-23 17:00:00,0.144,2699,London Marylebone Road,1-Pentene,1-Pentene,51.52253,-0.1546109999949009
2025-01-23 18:00:00,0.129,2699,London Marylebone Road,1-Pentene,1-Pentene,51.52253,-0.1546109999949009
2025-01-23 19:00:00,0.12,2699,London Marylebone Road,1-Pentene,1-Pentene,51.52253,-0.1546109999949009
2025-01-23 20:00:00,0.164,2699,London Marylebone Road,1-Pentene,1-Pentene,51.52253,-0.1546109999949009
2025-01-23 21:00:00,0.178,2699,London Marylebone Road,1-Pentene,1-Pentene,51.52253,-0.1546109999949009
2025-01-23 22:00:00,0.144,2699,London Marylebone Road,1-Pentene,1-Pentene,51.52253,-0.1546109999949009
2025-01-23 23:00:00,0.173,2699,London Marylebone Road,1-Pentene,1-Pentene,51.52253,-0.1546109999949009
2025-01-24 00:00:00,0.094,2699,London Marylebone Road,1-Pentene,1-Pentene,51.52253,-0.1546109999949009
2025-01-24 01:00:00,0.051,2699,London Marylebone Road,1-Pentene,1-Pentene,51.52253,-0.1546109999949009
2025-01-24 02:00:00,0.033,2699,London Marylebone Road,1-Pentene,1-Pentene,51.52253,-0.1546109999949009
2025-01-24 03:00:00,0.015,2699,London Marylebone Road,1-Pentene,1-Pentene,51.52253,-0.1546109999949009
2025-01-24 04:00:00,0.045,2699,London Marylebone Road,1-Pentene,1-Pentene,51.52253,-0.1546109999949009
2025-01-24 05:00:00,0.015,2699,London Marylebone Road,1-Pentene,1-Pentene,51.52253,-0.1546109999949009
2025-01-24 06:00:00,0.037,2699,London Marylebone Road,1-Pentene,1-Pentene,51.52253,-0.1546109999949009
2025-01-24 07:00:00,0.015,2699,London Marylebone Road,1-Pentene,1-Pentene,51.52253,-0.1546109999949009
2025-01-24 08:00:00,0.062,2699,London Marylebone Road,1-Pentene,1-Pentene,51.52253,-0.1546109999949009
2025-01-24 09:00:00,0.126,2699,London Marylebone Road,1-Pentene,1-Pentene,51.52253,-0.1546109999949009
2025-01-24 10:00:00,0.015,2699,London Marylebone Road,1-Pentene,1-Pentene,51.52253,-0.1546109999949009
2025-01-24 11:00:00,0.015,2699,London Marylebone Road,1-Pentene,1-Pentene,51.52253,-0.1546109999949009
2025-01-24 12:00:00,0.015,2699,London Marylebone Road,1-Pentene,1-Pentene,51.52253,-0.1546109999949009
2025-01-24 13:00:00,0.123,2699,London Marylebone Road,1-Pentene,1-Pentene,51.52253,-0.1546109999949009
2025-01-24 14:00:00,0.015,2699,London Marylebone Road,1-Pentene,1-Pentene,51.52253,-0.1546109999949009
2025-01-24 15:00:00,0.089,2699,London Marylebone Road,1-Pentene,1-Pentene,51.52253,-0.1546109999949009
2025-01-24 16:00:00,0.125,2699,London Marylebone Road,1-Pentene,1-Pentene,51.52253,-0.1546109999949009
2025-01-24 17:00:00,0.191,2699,London Marylebone Road,1-Pentene,1-Pentene,51.52253,-0.1546109999949009
2025-01-24 18:00:00,0.187,2699,London Marylebone Road,1-Pentene,1-Pentene,51.52253,-0.1546109999949009
2025-01-24 19:00:00,0.136,2699,London Marylebone Road,1-Pentene,1-Pentene,51.52253,-0.1546109999949009
2025-01-24 20:00:00,0.131,2699,London Marylebone Road,1-Pentene,1-Pentene,51.52253,-0.1546109999949009
2025-01-24 21:00:00,0.147,2699,London Marylebone Road,1-Pentene,1-Pentene,51.52253,-0.1546109999949009
2025-01-24 22:00:00,-99.0,2699,London Marylebone Road,1-Pentene,1-Pentene,51.52253,-0.1546109999949009
2025-01-24 23:00:00,-99.0,2699,London Marylebone Road,1-Pentene,1-Pentene,51.52253,-0.1546109999949009
2025-01-25 00:00:00,-99.0,2699,London Marylebone Road,1-Pentene,1-Pentene,51.52253,-0.1546109999949009
2025-01-25 01:00:00,-99.0,2699,London Marylebone Road,1-Pentene,1-Pentene,51.52253,-0.1546109999949009
2025-01-25 02:00:00,-99.0,2699,London Marylebone Road,1-Pentene,1-Pentene,51.52253,-0.1546109999949009
2025-01-25 03:00:00,0.049,2699,London Marylebone Road,1-Pentene,1-Pentene,51.52253,-0.1546109999949009
2025-01-25 04:00:00,0.015,2699,London Marylebone Road,1-Pentene,1-Pentene,51.52253,-0.1546109999949009
2025-01-25 05:00:00,0.015,2699,London Marylebone Road,1-Pentene,1-Pentene,51.52253,-0.1546109999949009
2025-01-25 06:00:00,0.071,2699,London Marylebone Road,1-Pentene,1-Pentene,51.52253,-0.1546109999949009
2025-01-25 07:00:00,0.085,2699,London Marylebone Road,1-Pentene,1-Pentene,51.52253,-0.1546109999949009
2025-01-25 08:00:00,0.064,2699,London Marylebone Road,1-Pentene,1-Pentene,51.52253,-0.1546109999949009
2025-01-25 09:00:00,0.083,2699,London Marylebone Road,1-Pentene,1-Pentene,51.52253,-0.1546109999949009
2025-01-25 10:00:00,0.083,2699,London Marylebone Road,1-Pentene,1-Pentene,51.52253,-0.1546109999949009
2025-01-25 11:00:00,0.059,2699,London Marylebone Road,1-Pentene,1-Pentene,51.52253,-0.1546109999949009
2025-01-25 12:00:00,0.034,2699,London Marylebone Road,1-Pentene,1-Pentene,51.52253,-0.1546109999949009
2025-01-25 13:00:00,0.066,2699,London Marylebone Road,1-Pentene,1-Pentene,51.52253,-0.1546109999949009
2025-01-25 14:00:00,0.061,2699,London Marylebone Road,1-Pentene,1-Pentene,51.52253,-0.1546109999949009
2025-01-25 15:00:00,0.064,2699,London Marylebone Road,1-Pentene,1-Pentene,51.52253,-0.1546109999949009
2025-01-25 16:00:00,0.015,2699,London Marylebone Road,1-Pentene,1-Pentene,51.52253,-0.1546109999949009
2025-01-25 17:00:00,0.031,2699,London Marylebone Road,1-Pentene,1-Pentene,51.52253,-0.1546109999949009
2025-01-25 18:00:00,0.115,2699,London Marylebone Road,1-Pentene,1-Pentene,51.52253,-0.1546109999949009
2025-01-25 19:00:00,0.147,2699,London Marylebone Road,1-Pentene,1-Pentene,51.52253,-0.1546109999949009
2025-01-25 20:00:00,0.184,2699,London Marylebone Road,1-Pentene,1-Pentene,51.52253,-0.1546109999949009
2025-01-25 21:00:00,0.277,2699,London Marylebone Road,1-Pentene,1-Pentene,51.52253,-0.1546109999949009
2025-01-25 22:00:00,0.284,2699,London Marylebone Road,1-Pentene,1-Pentene,51.52253,-0.1546109999949009
2025-01-25 23:00:00,0.216,2699,London Marylebone Road,1-Pentene,1-Pentene,51.52253,-0.1546109999949009
2025-01-26 00:00:00,0.117,2699,London Marylebone Road,1-Pentene,1-Pentene,51.52253,-0.1546109999949009
2025-01-26 01:00:00,0.149,2699,London Marylebone Road,1-Pentene,1-Pentene,51.52253,-0.1546109999949009
2025-01-26 02:00:00,0.126,2699,London Marylebone Road,1-Pentene,1-Pentene,51.52253,-0.1546109999949009
2025-01-26 03:00:00,0.163,2699,London Marylebone Road,1-Pentene,1-Pentene,51.52253,-0.1546109999949009
2025-01-26 04:00:00,0.054,2699,London Marylebone Road,1-Pentene,1-Pentene,51.52253,-0.1546109999949009
2025-01-26 05:00:00,0.04,2699,London Marylebone Road,1-Pentene,1-Pentene,51.52253,-0.1546109999949009
2025-01-26 06:00:00,0.084,2699,London Marylebone Road,1-Pentene,1-Pentene,51.52253,-0.1546109999949009
2025-01-26 07:00:00,0.055,2699,London Marylebone Road,1-Pentene,1-Pentene,51.52253,-0.1546109999949009
2025-01-26 08:00:00,0.047,2699,London Marylebone Road,1-Pentene,1-Pentene,51.52253,-0.1546109999949009
2025-01-26 09:00:00,0.015,2699,London Marylebone Road,1-Pentene,1-Pentene,51.52253,-0.1546109999949009
2025-01-26 10:00:00,0.042,2699,London Marylebone Road,1-Pentene,1-Pentene,51.52253,-0.1546109999949009
2025-01-26 11:00:00,0.082,2699,London Marylebone Road,1-Pentene,1-Pentene,51.52253,-0.1546109999949009
2025-01-26 12:00:00,0.063,2699,London Marylebone Road,1-Pentene,1-Pentene,51.52253,-0.1546109999949009
2025-01-26 13:00:00,0.09,2699,London Marylebone Road,1-Pentene,1-Pentene,51.52253,-0.1546109999949009
2025-01-26 14:00:00,0.015,2699,London Marylebone Road,1-Pentene,1-Pentene,51.52253,-0.1546109999949009
2025-01-26 15:00:00,0.079,2699,London Marylebone Road,1-Pentene,1-Pentene,51.52253,-0.1546109999949009
2025-01-26 16:00:00,0.062,2699,London Marylebone Road,1-Pentene,1-Pentene,51.52253,-0.1546109999949009
2025-01-26 17:00:00,0.105,2699,London Marylebone Road,1-Pentene,1-Pentene,51.52253,-0.1546109999949009
2025-01-26 18:00:00,0.073,2699,London Marylebone Road,1-Pentene,1-Pentene,51.52253,-0.1546109999949009
2025-01-26 19:00:00,0.097,2699,London Marylebone Road,1-Pentene,1-Pentene,51.52253,-0.1546109999949009
2025-01-26 20:00:00,0.081,2699,London Marylebone Road,1-Pentene,1-Pentene,51.52253,-0.1546109999949009
2025-01-26 21:00:00,0.067,2699,London Marylebone Road,1-Pentene,1-Pentene,51.52253,-0.1546109999949009
2025-01-26 22:00:00,0.015,2699,London Marylebone Road,1-Pentene,1-Pentene,51.52253,-0.1546109999949009
2025-01-26 23:00:00,0.015,2699,London Marylebone Road,1-Pentene,1-Pentene,51.52253,-0.1546109999949009
2025-01-27 00:00:00,0.025,2699,London Marylebone Road,1-Pentene,1-Pentene,51.52253,-0.1546109999949009
2025-01-27 01:00:00,0.015,2699,London Marylebone Road,1-Pentene,1-Pentene,51.52253,-0.1546109999949009
2025-01-27 02:00:00,0.058,2699,London Marylebone Road,1-Pentene,1-Pentene,51.52253,-0.1546109999949009
2025-01-27 03:00:00,0.044,2699,London Marylebone Road,1-Pentene,1-Pentene,51.52253,-0.1546109999949009
2025-01-27 04:00:00,0.07,2699,London Marylebone Road,1-Pentene,1-Pentene,51.52253,-0.1546109999949009
2025-01-27 05:00:00,0.022,2699,London Marylebone Road,1-Pentene,1-Pentene,51.52253,-0.1546109999949009
2025-01-27 06:00:00,0.076,2699,London Marylebone Road,1-Pentene,1-Pentene,51.52253,-0.1546109999949009
2025-01-27 07:00:00,0.015,2699,London Marylebone Road,1-Pentene,1-Pentene,51.52253,-0.1546109999949009
2025-01-27 08:00:00,0.015,2699,London Marylebone Road,1-Pentene,1-Pentene,51.52253,-0.1546109999949009
2025-01-27 09:00:00,0.043,2699,London Marylebone Road,1-Pentene,1-Pentene,51.52253,-0.1546109999949009
2025-01-27 10:00:00,0.052,2699,London Marylebone Road,1-Pentene,1-Pentene,51.52253,-0.1546109999949009
2025-01-27 11:00:00,0.015,2699,London Marylebone Road,1-Pentene,1-Pentene,51.52253,-0.1546109999949009
2025-01-27 12:00:00,0.062,2699,London Marylebone Road,1-Pentene,1-Pentene,51.52253,-0.1546109999949009
2025-01-27 13:00:00,0.015,2699,London Marylebone Road,1-Pentene,1-Pentene,51.52253,-0.1546109999949009
2025-01-27 14:00:00,0.114,2699,London Marylebone Road,1-Pentene,1-Pentene,51.52253,-0.1546109999949009
2025-01-27 15:00:00,0.084,2699,London Marylebone Road,1-Pentene,1-Pentene,51.52253,-0.1546109999949009
2025-01-27 16:00:00,0.151,2699,London Marylebone Road,1-Pentene,1-Pentene,51.52253,-0.1546109999949009
2025-01-27 17:00:00,0.069,2699,London Marylebone Road,1-Pentene,1-Pentene,51.52253,-0.1546109999949009
2025-01-27 18:00:00,0.054,2699,London Marylebone Road,1-Pentene,1-Pentene,51.52253,-0.1546109999949009
2025-01-27 19:00:00,0.05,2699,London Marylebone Road,1-Pentene,1-Pentene,51.52253,-0.1546109999949009
2025-01-27 20:00:00,0.055,2699,London Marylebone Road,1-Pentene,1-Pentene,51.52253,-0.1546109999949009
2025-01-27 21:00:00,0.088,2699,London Marylebone Road,1-Pentene,1-Pentene,51.52253,-0.1546109999949009
2025-01-27 22:00:00,0.015,2699,London Marylebone Road,1-Pentene,1-Pentene,51.52253,-0.1546109999949009
2025-01-27 23:00:00,0.015,2699,London Marylebone Road,1-Pentene,1-Pentene,51.52253,-0.1546109999949009
2025-01-28 00:00:00,0.042,2699,London Marylebone Road,1-Pentene,1-Pentene,51.52253,-0.1546109999949009
2025-01-28 01:00:00,0.057,2699,London Marylebone Road,1-Pentene,1-Pentene,51.52253,-0.1546109999949009
2025-01-28 02:00:00,0.05,2699,London Marylebone Road,1-Pentene,1-Pentene,51.52253,-0.1546109999949009
2025-01-28 03:00:00,0.015,2699,London Marylebone Road,1-Pentene,1-Pentene,51.52253,-0.1546109999949009
2025-01-28 04:00:00,0.015,2699,London Marylebone Road,1-Pentene,1-Pentene,51.52253,-0.1546109999949009
2025-01-28 05:00:00,0.015,2699,London Marylebone Road,1-Pentene,1-Pentene,51.52253,-0.1546109999949009
2025-01-28 06:00:00,0.041,2699,London Marylebone Road,1-Pentene,1-Pentene,51.52253,-0.1546109999949009
2025-01-28 07:00:00,0.143,2699,London Marylebone Road,1-Pentene,1-Pentene,51.52253,-0.1546109999949009
2025-01-28 08:00:00,0.076,2699,London Marylebone Road,1-Pentene,1-Pentene,51.52253,-0.1546109999949009
2025-01-28 09:00:00,0.143,2699,London Marylebone Road,1-Pentene,1-Pentene,51.52253,-0.1546109999949009
2025-01-28 10:00:00,0.093,2699,London Marylebone Road,1-Pentene,1-Pentene,51.52253,-0.1546109999949009
2025-01-28 11:00:00,0.185,2699,London Marylebone Road,1-Pentene,1-Pentene,51.52253,-0.1546109999949009
2025-01-28 12:00:00,0.081,2699,London Marylebone Road,1-Pentene,1-Pentene,51.52253,-0.1546109999949009
2025-01-28 13:00:00,0.108,2699,London Marylebone Road,1-Pentene,1-Pentene,51.52253,-0.1546109999949009
2025-01-28 14:00:00,0.131,2699,London Marylebone Road,1-Pentene,1-Pentene,51.52253,-0.1546109999949009
2025-01-28 15:00:00,0.095,2699,London Marylebone Road,1-Pentene,1-Pentene,51.52253,-0.1546109999949009
2025-01-28 16:00:00,0.139,2699,London Marylebone Road,1-Pentene,1-Pentene,51.52253,-0.1546109999949009
2025-01-28 17:00:00,0.116,2699,London Marylebone Road,1-Pentene,1-Pentene,51.52253,-0.1546109999949009
2025-01-28 18:00:00,0.097,2699,London Marylebone Road,1-Pentene,1-Pentene,51.52253,-0.1546109999949009
2025-01-28 19:00:00,0.084,2699,London Marylebone Road,1-Pentene,1-Pentene,51.52253,-0.1546109999949009
2025-01-28 20:00:00,0.015,2699,London Marylebone Road,1-Pentene,1-Pentene,51.52253,-0.1546109999949009
2025-01-28 21:00:00,0.061,2699,London Marylebone Road,1-Pentene,1-Pentene,51.52253,-0.1546109999949009
2025-01-28 22:00:00,0.083,2699,London Marylebone Road,1-Pentene,1-Pentene,51.52253,-0.1546109999949009
2025-01-28 23:00:00,0.015,2699,London Marylebone Road,1-Pentene,1-Pentene,51.52253,-0.1546109999949009
2025-01-29 00:00:00,0.06,2699,London Marylebone Road,1-Pentene,1-Pentene,51.52253,-0.1546109999949009
2025-01-29 01:00:00,0.015,2699,London Marylebone Road,1-Pentene,1-Pentene,51.52253,-0.1546109999949009
2025-01-29 02:00:00,0.015,2699,London Marylebone Road,1-Pentene,1-Pentene,51.52253,-0.1546109999949009
2025-01-29 03:00:00,0.047,2699,London Marylebone Road,1-Pentene,1-Pentene,51.52253,-0.1546109999949009
2025-01-29 04:00:00,0.015,2699,London Marylebone Road,1-Pentene,1-Pentene,51.52253,-0.1546109999949009
2025-01-29 05:00:00,0.053,2699,London Marylebone Road,1-Pentene,1-Pentene,51.52253,-0.1546109999949009
2025-01-29 06:00:00,0.015,2699,London Marylebone Road,1-Pentene,1-Pentene,51.52253,-0.1546109999949009
2025-01-29 07:00:00,0.04,2699,London Marylebone Road,1-Pentene,1-Pentene,51.52253,-0.1546109999949009
2025-01-29 08:00:00,0.015,2699,London Marylebone Road,1-Pentene,1-Pentene,51.52253,-0.1546109999949009
2025-01-29 09:00:00,0.099,2699,London Marylebone Road,1-Pentene,1-Pentene,51.52253,-0.1546109999949009
2025-01-29 10:00:00,0.068,2699,London Marylebone Road,1-Pentene,1-Pentene,51.52253,-0.1546109999949009
2025-01-29 11:00:00,0.112,2699,London Marylebone Road,1-Pentene,1-Pentene,51.52253,-0.1546109999949009
2025-01-29 12:00:00,0.126,2699,London Marylebone Road,1-Pentene,1-Pentene,51.52253,-0.1546109999949009
2025-01-29 13:00:00,0.127,2699,London Marylebone Road,1-Pentene,1-Pentene,51.52253,-0.1546109999949009
2025-01-29 14:00:00,0.12,2699,London Marylebone Road,1-Pentene,1-Pentene,51.52253,-0.1546109999949009
2025-01-29 15:00:00,0.11,2699,London Marylebone Road,1-Pentene,1-Pentene,51.52253,-0.1546109999949009
2025-01-29 16:00:00,0.112,2699,London Marylebone Road,1-Pentene,1-Pentene,51.52253,-0.1546109999949009
2025-01-29 17:00:00,0.163,2699,London Marylebone Road,1-Pentene,1-Pentene,51.52253,-0.1546109999949009
2025-01-29 18:00:00,0.015,2699,London Marylebone Road,1-Pentene,1-Pentene,51.52253,-0.1546109999949009
2025-01-29 19:00:00,0.102,2699,London Marylebone Road,1-Pentene,1-Pentene,51.52253,-0.1546109999949009
2025-01-29 20:00:00,0.131,2699,London Marylebone Road,1-Pentene,1-Pentene,51.52253,-0.1546109999949009
2025-01-29 21:00:00,0.123,2699,London Marylebone Road,1-Pentene,1-Pentene,51.52253,-0.1546109999949009
2025-01-29 22:00:00,0.063,2699,London Marylebone Road,1-Pentene,1-Pentene,51.52253,-0.1546109999949009
2025-01-29 23:00:00,0.098,2699,London Marylebone Road,1-Pentene,1-Pentene,51.52253,-0.1546109999949009
2025-01-30 00:00:00,0.051,2699,London Marylebone Road,1-Pentene,1-Pentene,51.52253,-0.1546109999949009
2025-01-30 01:00:00,0.037,2699,London Marylebone Road,1-Pentene,1-Pentene,51.52253,-0.1546109999949009
2025-01-30 02:00:00,0.044,2699,London Marylebone Road,1-Pentene,1-Pentene,51.52253,-0.1546109999949009
2025-01-30 03:00:00,0.024,2699,London Marylebone Road,1-Pentene,1-Pentene,51.52253,-0.1546109999949009
2025-01-30 04:00:00,0.054,2699,London Marylebone Road,1-Pentene,1-Pentene,51.52253,-0.1546109999949009
2025-01-30 05:00:00,0.015,2699,London Marylebone Road,1-Pentene,1-Pentene,51.52253,-0.1546109999949009
2025-01-30 06:00:00,0.015,2699,London Marylebone Road,1-Pentene,1-Pentene,51.52253,-0.1546109999949009
2025-01-30 07:00:00,0.015,2699,London Marylebone Road,1-Pentene,1-Pentene,51.52253,-0.1546109999949009
2025-01-30 08:00:00,0.106,2699,London Marylebone Road,1-Pentene,1-Pentene,51.52253,-0.1546109999949009
2025-01-30 09:00:00,0.045,2699,London Marylebone Road,1-Pentene,1-Pentene,51.52253,-0.1546109999949009
2025-01-30 10:00:00,0.109,2699,London Marylebone Road,1-Pentene,1-Pentene,51.52253,-0.1546109999949009
2025-01-30 11:00:00,0.024,2699,London Marylebone Road,1-Pentene,1-Pentene,51.52253,-0.1546109999949009
2025-01-30 12:00:00,0.015,2699,London Marylebone Road,1-Pentene,1-Pentene,51.52253,-0.1546109999949009
2025-01-30 13:00:00,0.074,2699,London Marylebone Road,1-Pentene,1-Pentene,51.52253,-0.1546109999949009
2025-01-30 14:00:00,0.07,2699,London Marylebone Road,1-Pentene,1-Pentene,51.52253,-0.1546109999949009
2025-01-30 15:00:00,0.07,2699,London Marylebone Road,1-Pentene,1-Pentene,51.52253,-0.1546109999949009
2025-01-30 16:00:00,0.015,2699,London Marylebone Road,1-Pentene,1-Pentene,51.52253,-0.1546109999949009
2025-01-30 17:00:00,0.139,2699,London Marylebone Road,1-Pentene,1-Pentene,51.52253,-0.1546109999949009
2025-01-30 18:00:00,0.132,2699,London Marylebone Road,1-Pentene,1-Pentene,51.52253,-0.1546109999949009
2025-01-30 19:00:00,0.266,2699,London Marylebone Road,1-Pentene,1-Pentene,51.52253,-0.1546109999949009
2025-01-30 20:00:00,0.224,2699,London Marylebone Road,1-Pentene,1-Pentene,51.52253,-0.1546109999949009
2025-01-30 21:00:00,0.304,2699,London Marylebone Road,1-Pentene,1-Pentene,51.52253,-0.1546109999949009
2025-01-30 22:00:00,0.223,2699,London Marylebone Road,1-Pentene,1-Pentene,51.52253,-0.1546109999949009
2025-01-30 23:00:00,0.203,2699,London Marylebone Road,1-Pentene,1-Pentene,51.52253,-0.1546109999949009
2025-01-31 01:00:00,0.072,2699,London Marylebone Road,1-Pentene,1-Pentene,51.52253,-0.1546109999949009
2025-01-31 02:00:00,0.089,2699,London Marylebone Road,1-Pentene,1-Pentene,51.52253,-0.1546109999949009
2025-01-31 03:00:00,0.06,2699,London Marylebone Road,1-Pentene,1-Pentene,51.52253,-0.1546109999949009
2025-01-31 04:00:00,0.1,2699,London Marylebone Road,1-Pentene,1-Pentene,51.52253,-0.1546109999949009
2025-01-31 05:00:00,0.015,2699,London Marylebone Road,1-Pentene,1-Pentene,51.52253,-0.1546109999949009
2025-01-31 06:00:00,0.057,2699,London Marylebone Road,1-Pentene,1-Pentene,51.52253,-0.1546109999949009
2025-01-31 07:00:00,0.036,2699,London Marylebone Road,1-Pentene,1-Pentene,51.52253,-0.1546109999949009
2025-01-31 08:00:00,0.154,2699,London Marylebone Road,1-Pentene,1-Pentene,51.52253,-0.1546109999949009
2025-01-31 09:00:00,0.092,2699,London Marylebone Road,1-Pentene,1-Pentene,51.52253,-0.1546109999949009
2025-01-31 10:00:00,0.109,2699,London Marylebone Road,1-Pentene,1-Pentene,51.52253,-0.1546109999949009
2025-01-31 11:00:00,0.146,2699,London Marylebone Road,1-Pentene,1-Pentene,51.52253,-0.1546109999949009
2025-01-31 12:00:00,0.128,2699,London Marylebone Road,1-Pentene,1-Pentene,51.52253,-0.1546109999949009
2025-01-31 13:00:00,0.109,2699,London Marylebone Road,1-Pentene,1-Pentene,51.52253,-0.1546109999949009
2025-01-31 14:00:00,0.101,2699,London Marylebone Road,1-Pentene,1-Pentene,51.52253,-0.1546109999949009
2025-01-31 15:00:00,0.125,2699,London Marylebone Road,1-Pentene,1-Pentene,51.52253,-0.1546109999949009
2025-01-31 16:00:00,0.097,2699,London Marylebone Road,1-Pentene,1-Pentene,51.52253,-0.1546109999949009
2025-01-31 17:00:00,0.129,2699,London Marylebone Road,1-Pentene,1-Pentene,51.52253,-0.1546109999949009
2025-01-31 18:00:00,0.245,2699,London Marylebone Road,1-Pentene,1-Pentene,51.52253,-0.1546109999949009
2025-01-31 19:00:00,0.161,2699,London Marylebone Road,1-Pentene,1-Pentene,51.52253,-0.1546109999949009
2025-01-31 20:00:00,0.147,2699,London Marylebone Road,1-Pentene,1-Pentene,51.52253,-0.1546109999949009
2025-01-31 21:00:00,0.253,2699,London Marylebone Road,1-Pentene,1-Pentene,51.52253,-0.1546109999949009
2025-01-31 22:00:00,-99.0,2699,London Marylebone Road,1-Pentene,1-Pentene,51.52253,-0.1546109999949009
2025-01-31 23:00:00,-99.0,2699,London Marylebone Road,1-Pentene,1-Pentene,51.52253,-0.1546109999949009
