timestamp,value,timeseries_id,station_name,pollutant_name,pollutant_std
2023-12-01 00:00:00,35.299,4019,Camden Kerbside,Nitrogen monoxide,NO
2023-12-01 01:00:00,15.965,4019,Camden Kerbside,Nitrogen monoxide,NO
2023-12-01 02:00:00,7.733,4019,Camden Kerbside,Nitrogen monoxide,NO
2023-12-01 03:00:00,7.733,4019,Camden Kerbside,Nitrogen monoxide,NO
2023-12-01 04:00:00,7.234,4019,Camden Kerbside,Nitrogen monoxide,NO
2023-12-01 05:00:00,7.858,4019,Camden Kerbside,Nitrogen monoxide,NO
2023-12-01 06:00:00,11.974,4019,Camden Kerbside,Nitrogen monoxide,NO
2023-12-01 07:00:00,37.17,4019,Camden Kerbside,Nitrogen monoxide,NO
2023-12-01 08:00:00,83.943,4019,Camden Kerbside,Nitrogen monoxide,NO
2023-12-01 09:00:00,88.434,4019,Camden Kerbside,Nitrogen monoxide,NO
2023-12-01 10:00:00,91.427,4019,Camden Kerbside,Nitrogen monoxide,NO
2023-12-01 11:00:00,76.085,4019,Camden Kerbside,Nitrogen monoxide,NO
2023-12-01 12:00:00,79.328,4019,Camden Kerbside,Nitrogen monoxide,NO
2023-12-01 13:00:00,91.677,4019,Camden Kerbside,Nitrogen monoxide,NO
2023-12-01 14:00:00,63.986,4019,Camden Kerbside,Nitrogen monoxide,NO
2023-12-01 15:00:00,49.892,4019,Camden Kerbside,Nitrogen monoxide,NO
2023-12-01 16:00:00,74.464,4019,Camden Kerbside,Nitrogen monoxide,NO
2023-12-01 17:00:00,110.261,4019,Camden Kerbside,Nitrogen monoxide,NO
2023-12-01 18:00:00,70.722,4019,Camden Kerbside,Nitrogen monoxide,NO
2023-12-01 19:00:00,57.75,4019,Camden Kerbside,Nitrogen monoxide,NO
2023-12-01 20:00:00,81.823,4019,Camden Kerbside,Nitrogen monoxide,NO
2023-12-01 21:00:00,53.135,4019,Camden Kerbside,Nitrogen monoxide,NO
2023-12-01 22:00:00,44.279,4019,Camden Kerbside,Nitrogen monoxide,NO
2023-12-01 23:00:00,24.572,4019,Camden Kerbside,Nitrogen monoxide,NO
2023-12-02 00:00:00,29.062,4019,Camden Kerbside,Nitrogen monoxide,NO
2023-12-02 01:00:00,21.454,4019,Camden Kerbside,Nitrogen monoxide,NO
2023-12-02 02:00:00,5.613,4019,Camden Kerbside,Nitrogen monoxide,NO
2023-12-02 03:00:00,4.864,4019,Camden Kerbside,Nitrogen monoxide,NO
2023-12-02 04:00:00,4.241,4019,Camden Kerbside,Nitrogen monoxide,NO
2023-12-02 05:00:00,3.118,4019,Camden Kerbside,Nitrogen monoxide,NO
2023-12-02 06:00:00,4.74,4019,Camden Kerbside,Nitrogen monoxide,NO
2023-12-02 07:00:00,11.6,4019,Camden Kerbside,Nitrogen monoxide,NO
2023-12-02 08:00:00,7.484,4019,Camden Kerbside,Nitrogen monoxide,NO
2023-12-02 09:00:00,12.224,4019,Camden Kerbside,Nitrogen monoxide,NO
2023-12-02 10:00:00,30.933,4019,Camden Kerbside,Nitrogen monoxide,NO
2023-12-02 11:00:00,47.148,4019,Camden Kerbside,Nitrogen monoxide,NO
2023-12-02 12:00:00,22.95,4019,Camden Kerbside,Nitrogen monoxide,NO
2023-12-02 13:00:00,21.828,4019,Camden Kerbside,Nitrogen monoxide,NO
2023-12-02 14:00:00,32.305,4019,Camden Kerbside,Nitrogen monoxide,NO
2023-12-02 15:00:00,43.531,4019,Camden Kerbside,Nitrogen monoxide,NO
2023-12-02 16:00:00,45.028,4019,Camden Kerbside,Nitrogen monoxide,NO
2023-12-02 17:00:00,37.045,4019,Camden Kerbside,Nitrogen monoxide,NO
2023-12-02 18:00:00,46.275,4019,Camden Kerbside,Nitrogen monoxide,NO
2023-12-02 19:00:00,62.739,4019,Camden Kerbside,Nitrogen monoxide,NO
2023-12-02 20:00:00,49.393,4019,Camden Kerbside,Nitrogen monoxide,NO
2023-12-02 21:00:00,80.7,4019,Camden Kerbside,Nitrogen monoxide,NO
2023-12-02 22:00:00,102.528,4019,Camden Kerbside,Nitrogen monoxide,NO
2023-12-02 23:00:00,87.935,4019,Camden Kerbside,Nitrogen monoxide,NO
2023-12-03 00:00:00,66.98,4019,Camden Kerbside,Nitrogen monoxide,NO
2023-12-03 01:00:00,57.501,4019,Camden Kerbside,Nitrogen monoxide,NO
2023-12-03 02:00:00,49.393,4019,Camden Kerbside,Nitrogen monoxide,NO
2023-12-03 03:00:00,38.542,4019,Camden Kerbside,Nitrogen monoxide,NO
2023-12-03 04:00:00,27.815,4019,Camden Kerbside,Nitrogen monoxide,NO
2023-12-03 05:00:00,2.869,4019,Camden Kerbside,Nitrogen monoxide,NO
2023-12-03 06:00:00,2.495,4019,Camden Kerbside,Nitrogen monoxide,NO
2023-12-03 07:00:00,4.615,4019,Camden Kerbside,Nitrogen monoxide,NO
2023-12-03 08:00:00,8.856,4019,Camden Kerbside,Nitrogen monoxide,NO
2023-12-03 09:00:00,10.976,4019,Camden Kerbside,Nitrogen monoxide,NO
2023-12-03 10:00:00,16.714,4019,Camden Kerbside,Nitrogen monoxide,NO
2023-12-03 11:00:00,21.703,4019,Camden Kerbside,Nitrogen monoxide,NO
2023-12-03 12:00:00,31.307,4019,Camden Kerbside,Nitrogen monoxide,NO
2023-12-03 13:00:00,17.836,4019,Camden Kerbside,Nitrogen monoxide,NO
2023-12-03 14:00:00,15.841,4019,Camden Kerbside,Nitrogen monoxide,NO
2023-12-03 15:00:00,8.981,4019,Camden Kerbside,Nitrogen monoxide,NO
2023-12-03 16:00:00,8.357,4019,Camden Kerbside,Nitrogen monoxide,NO
2023-12-03 17:00:00,12.598,4019,Camden Kerbside,Nitrogen monoxide,NO
2023-12-03 18:00:00,11.6,4019,Camden Kerbside,Nitrogen monoxide,NO
2023-12-03 19:00:00,23.823,4019,Camden Kerbside,Nitrogen monoxide,NO
2023-12-03 20:00:00,51.513,4019,Camden Kerbside,Nitrogen monoxide,NO
2023-12-03 21:00:00,65.359,4019,Camden Kerbside,Nitrogen monoxide,NO
2023-12-03 22:00:00,58.374,4019,Camden Kerbside,Nitrogen monoxide,NO
2023-12-03 23:00:00,47.023,4019,Camden Kerbside,Nitrogen monoxide,NO
2023-12-04 00:00:00,40.537,4019,Camden Kerbside,Nitrogen monoxide,NO
2023-12-04 01:00:00,12.598,4019,Camden Kerbside,Nitrogen monoxide,NO
2023-12-04 02:00:00,3.867,4019,Camden Kerbside,Nitrogen monoxide,NO
2023-12-04 03:00:00,3.368,4019,Camden Kerbside,Nitrogen monoxide,NO
2023-12-04 04:00:00,3.492,4019,Camden Kerbside,Nitrogen monoxide,NO
2023-12-04 05:00:00,2.869,4019,Camden Kerbside,Nitrogen monoxide,NO
2023-12-04 06:00:00,6.86,4019,Camden Kerbside,Nitrogen monoxide,NO
2023-12-04 07:00:00,19.084,4019,Camden Kerbside,Nitrogen monoxide,NO
2023-12-04 08:00:00,90.803,4019,Camden Kerbside,Nitrogen monoxide,NO
2023-12-05 01:00:00,22.826,4019,Camden Kerbside,Nitrogen monoxide,NO
2023-12-05 02:00:00,6.237,4019,Camden Kerbside,Nitrogen monoxide,NO
2023-12-05 03:00:00,6.361,4019,Camden Kerbside,Nitrogen monoxide,NO
2023-12-05 04:00:00,5.239,4019,Camden Kerbside,Nitrogen monoxide,NO
2023-12-05 05:00:00,6.237,4019,Camden Kerbside,Nitrogen monoxide,NO
2023-12-05 06:00:00,14.469,4019,Camden Kerbside,Nitrogen monoxide,NO
2023-12-05 07:00:00,38.542,4019,Camden Kerbside,Nitrogen monoxide,NO
2023-12-05 08:00:00,95.044,4019,Camden Kerbside,Nitrogen monoxide,NO
2023-12-05 09:00:00,133.336,4019,Camden Kerbside,Nitrogen monoxide,NO
2023-12-05 10:00:00,109.388,4019,Camden Kerbside,Nitrogen monoxide,NO
2023-12-05 11:00:00,116.498,4019,Camden Kerbside,Nitrogen monoxide,NO
2023-12-05 12:00:00,101.405,4019,Camden Kerbside,Nitrogen monoxide,NO
2023-12-05 13:00:00,-99.0,4019,Camden Kerbside,Nitrogen monoxide,NO
2023-12-05 14:00:00,-99.0,4019,Camden Kerbside,Nitrogen monoxide,NO
2023-12-05 15:00:00,90.679,4019,Camden Kerbside,Nitrogen monoxide,NO
2023-12-05 16:00:00,66.98,4019,Camden Kerbside,Nitrogen monoxide,NO
2023-12-05 17:00:00,84.941,4019,Camden Kerbside,Nitrogen monoxide,NO
2023-12-05 18:00:00,74.589,4019,Camden Kerbside,Nitrogen monoxide,NO
2023-12-05 19:00:00,62.365,4019,Camden Kerbside,Nitrogen monoxide,NO
2023-12-05 20:00:00,50.141,4019,Camden Kerbside,Nitrogen monoxide,NO
2023-12-05 21:00:00,37.294,4019,Camden Kerbside,Nitrogen monoxide,NO
2023-12-05 22:00:00,23.2,4019,Camden Kerbside,Nitrogen monoxide,NO
2023-12-05 23:00:00,28.937,4019,Camden Kerbside,Nitrogen monoxide,NO
2023-12-06 00:00:00,16.839,4019,Camden Kerbside,Nitrogen monoxide,NO
2023-12-06 01:00:00,21.329,4019,Camden Kerbside,Nitrogen monoxide,NO
2023-12-06 02:00:00,14.718,4019,Camden Kerbside,Nitrogen monoxide,NO
2023-12-06 03:00:00,5.738,4019,Camden Kerbside,Nitrogen monoxide,NO
2023-12-06 04:00:00,7.359,4019,Camden Kerbside,Nitrogen monoxide,NO
2023-12-06 05:00:00,7.733,4019,Camden Kerbside,Nitrogen monoxide,NO
2023-12-06 06:00:00,15.217,4019,Camden Kerbside,Nitrogen monoxide,NO
2023-12-06 07:00:00,49.892,4019,Camden Kerbside,Nitrogen monoxide,NO
2023-12-06 08:00:00,87.311,4019,Camden Kerbside,Nitrogen monoxide,NO
2023-12-06 09:00:00,155.788,4019,Camden Kerbside,Nitrogen monoxide,NO
2023-12-06 10:00:00,144.687,4019,Camden Kerbside,Nitrogen monoxide,NO
2023-12-06 11:00:00,151.173,4019,Camden Kerbside,Nitrogen monoxide,NO
2023-12-06 12:00:00,135.332,4019,Camden Kerbside,Nitrogen monoxide,NO
2023-12-06 13:00:00,126.227,4019,Camden Kerbside,Nitrogen monoxide,NO
2023-12-06 14:00:00,99.784,4019,Camden Kerbside,Nitrogen monoxide,NO
2023-12-06 15:00:00,66.855,4019,Camden Kerbside,Nitrogen monoxide,NO
2023-12-06 16:00:00,81.199,4019,Camden Kerbside,Nitrogen monoxide,NO
2023-12-06 17:00:00,119.741,4019,Camden Kerbside,Nitrogen monoxide,NO
2023-12-06 18:00:00,100.408,4019,Camden Kerbside,Nitrogen monoxide,NO
2023-12-06 19:00:00,81.573,4019,Camden Kerbside,Nitrogen monoxide,NO
2023-12-06 20:00:00,84.692,4019,Camden Kerbside,Nitrogen monoxide,NO
2023-12-06 21:00:00,85.814,4019,Camden Kerbside,Nitrogen monoxide,NO
2023-12-06 22:00:00,45.901,4019,Camden Kerbside,Nitrogen monoxide,NO
2023-12-06 23:00:00,42.159,4019,Camden Kerbside,Nitrogen monoxide,NO
2023-12-07 00:00:00,31.183,4019,Camden Kerbside,Nitrogen monoxide,NO
2023-12-07 01:00:00,35.922,4019,Camden Kerbside,Nitrogen monoxide,NO
2023-12-07 02:00:00,6.86,4019,Camden Kerbside,Nitrogen monoxide,NO
2023-12-07 03:00:00,4.116,4019,Camden Kerbside,Nitrogen monoxide,NO
2023-12-07 04:00:00,3.867,4019,Camden Kerbside,Nitrogen monoxide,NO
2023-12-07 05:00:00,1.996,4019,Camden Kerbside,Nitrogen monoxide,NO
2023-12-07 06:00:00,3.492,4019,Camden Kerbside,Nitrogen monoxide,NO
2023-12-07 07:00:00,14.968,4019,Camden Kerbside,Nitrogen monoxide,NO
2023-12-07 08:00:00,20.082,4019,Camden Kerbside,Nitrogen monoxide,NO
2023-12-07 09:00:00,33.552,4019,Camden Kerbside,Nitrogen monoxide,NO
2023-12-07 10:00:00,31.183,4019,Camden Kerbside,Nitrogen monoxide,NO
2023-12-07 11:00:00,32.804,4019,Camden Kerbside,Nitrogen monoxide,NO
2023-12-07 12:00:00,34.425,4019,Camden Kerbside,Nitrogen monoxide,NO
2023-12-07 13:00:00,24.697,4019,Camden Kerbside,Nitrogen monoxide,NO
2023-12-07 14:00:00,28.314,4019,Camden Kerbside,Nitrogen monoxide,NO
2023-12-07 15:00:00,29.436,4019,Camden Kerbside,Nitrogen monoxide,NO
2023-12-07 16:00:00,30.06,4019,Camden Kerbside,Nitrogen monoxide,NO
2023-12-07 17:00:00,40.537,4019,Camden Kerbside,Nitrogen monoxide,NO
2023-12-07 18:00:00,48.894,4019,Camden Kerbside,Nitrogen monoxide,NO
2023-12-07 19:00:00,35.673,4019,Camden Kerbside,Nitrogen monoxide,NO
2023-12-07 20:00:00,17.587,4019,Camden Kerbside,Nitrogen monoxide,NO
2023-12-07 21:00:00,16.09,4019,Camden Kerbside,Nitrogen monoxide,NO
2023-12-07 22:00:00,16.464,4019,Camden Kerbside,Nitrogen monoxide,NO
2023-12-07 23:00:00,14.094,4019,Camden Kerbside,Nitrogen monoxide,NO
2023-12-08 00:00:00,19.333,4019,Camden Kerbside,Nitrogen monoxide,NO
2023-12-08 01:00:00,8.482,4019,Camden Kerbside,Nitrogen monoxide,NO
2023-12-08 02:00:00,1.996,4019,Camden Kerbside,Nitrogen monoxide,NO
2023-12-08 03:00:00,2.744,4019,Camden Kerbside,Nitrogen monoxide,NO
2023-12-08 04:00:00,2.245,4019,Camden Kerbside,Nitrogen monoxide,NO
2023-12-08 05:00:00,1.746,4019,Camden Kerbside,Nitrogen monoxide,NO
2023-12-08 06:00:00,2.994,4019,Camden Kerbside,Nitrogen monoxide,NO
2023-12-08 07:00:00,4.864,4019,Camden Kerbside,Nitrogen monoxide,NO
2023-12-08 08:00:00,11.725,4019,Camden Kerbside,Nitrogen monoxide,NO
2023-12-08 09:00:00,21.578,4019,Camden Kerbside,Nitrogen monoxide,NO
2023-12-08 10:00:00,34.55,4019,Camden Kerbside,Nitrogen monoxide,NO
2023-12-08 11:00:00,27.69,4019,Camden Kerbside,Nitrogen monoxide,NO
2023-12-08 12:00:00,19.707,4019,Camden Kerbside,Nitrogen monoxide,NO
2023-12-08 13:00:00,16.34,4019,Camden Kerbside,Nitrogen monoxide,NO
2023-12-08 14:00:00,19.832,4019,Camden Kerbside,Nitrogen monoxide,NO
2023-12-08 15:00:00,16.839,4019,Camden Kerbside,Nitrogen monoxide,NO
2023-12-08 16:00:00,18.585,4019,Camden Kerbside,Nitrogen monoxide,NO
2023-12-08 17:00:00,14.718,4019,Camden Kerbside,Nitrogen monoxide,NO
2023-12-08 18:00:00,19.707,4019,Camden Kerbside,Nitrogen monoxide,NO
2023-12-08 19:00:00,14.344,4019,Camden Kerbside,Nitrogen monoxide,NO
2023-12-08 20:00:00,13.97,4019,Camden Kerbside,Nitrogen monoxide,NO
2023-12-08 21:00:00,18.46,4019,Camden Kerbside,Nitrogen monoxide,NO
2023-12-08 22:00:00,7.858,4019,Camden Kerbside,Nitrogen monoxide,NO
2023-12-08 23:00:00,7.484,4019,Camden Kerbside,Nitrogen monoxide,NO
2023-12-09 00:00:00,6.735,4019,Camden Kerbside,Nitrogen monoxide,NO
2023-12-09 01:00:00,4.989,4019,Camden Kerbside,Nitrogen monoxide,NO
2023-12-09 02:00:00,2.495,4019,Camden Kerbside,Nitrogen monoxide,NO
2023-12-09 03:00:00,2.869,4019,Camden Kerbside,Nitrogen monoxide,NO
2023-12-09 04:00:00,1.621,4019,Camden Kerbside,Nitrogen monoxide,NO
2023-12-09 05:00:00,1.372,4019,Camden Kerbside,Nitrogen monoxide,NO
2023-12-09 06:00:00,2.869,4019,Camden Kerbside,Nitrogen monoxide,NO
2023-12-09 07:00:00,6.112,4019,Camden Kerbside,Nitrogen monoxide,NO
2023-12-09 08:00:00,21.079,4019,Camden Kerbside,Nitrogen monoxide,NO
2023-12-09 09:00:00,31.681,4019,Camden Kerbside,Nitrogen monoxide,NO
2023-12-09 10:00:00,36.421,4019,Camden Kerbside,Nitrogen monoxide,NO
2023-12-09 11:00:00,12.224,4019,Camden Kerbside,Nitrogen monoxide,NO
2023-12-09 12:00:00,8.981,4019,Camden Kerbside,Nitrogen monoxide,NO
2023-12-09 13:00:00,6.361,4019,Camden Kerbside,Nitrogen monoxide,NO
2023-12-09 14:00:00,3.991,4019,Camden Kerbside,Nitrogen monoxide,NO
2023-12-09 15:00:00,3.991,4019,Camden Kerbside,Nitrogen monoxide,NO
2023-12-09 16:00:00,4.74,4019,Camden Kerbside,Nitrogen monoxide,NO
2023-12-09 17:00:00,4.49,4019,Camden Kerbside,Nitrogen monoxide,NO
2023-12-09 18:00:00,4.366,4019,Camden Kerbside,Nitrogen monoxide,NO
2023-12-09 19:00:00,4.49,4019,Camden Kerbside,Nitrogen monoxide,NO
2023-12-09 20:00:00,4.116,4019,Camden Kerbside,Nitrogen monoxide,NO
2023-12-09 21:00:00,3.368,4019,Camden Kerbside,Nitrogen monoxide,NO
2023-12-09 22:00:00,2.994,4019,Camden Kerbside,Nitrogen monoxide,NO
2023-12-09 23:00:00,3.617,4019,Camden Kerbside,Nitrogen monoxide,NO
2023-12-10 00:00:00,2.744,4019,Camden Kerbside,Nitrogen monoxide,NO
2023-12-10 01:00:00,2.37,4019,Camden Kerbside,Nitrogen monoxide,NO
2023-12-10 02:00:00,2.495,4019,Camden Kerbside,Nitrogen monoxide,NO
2023-12-10 03:00:00,1.871,4019,Camden Kerbside,Nitrogen monoxide,NO
2023-12-10 04:00:00,1.996,4019,Camden Kerbside,Nitrogen monoxide,NO
2023-12-10 05:00:00,2.12,4019,Camden Kerbside,Nitrogen monoxide,NO
2023-12-10 06:00:00,2.245,4019,Camden Kerbside,Nitrogen monoxide,NO
2023-12-10 07:00:00,2.245,4019,Camden Kerbside,Nitrogen monoxide,NO
2023-12-10 08:00:00,5.488,4019,Camden Kerbside,Nitrogen monoxide,NO
2023-12-10 09:00:00,9.355,4019,Camden Kerbside,Nitrogen monoxide,NO
2023-12-10 10:00:00,11.35,4019,Camden Kerbside,Nitrogen monoxide,NO
2023-12-10 11:00:00,6.486,4019,Camden Kerbside,Nitrogen monoxide,NO
2023-12-10 12:00:00,6.112,4019,Camden Kerbside,Nitrogen monoxide,NO
2023-12-10 13:00:00,7.359,4019,Camden Kerbside,Nitrogen monoxide,NO
2023-12-10 14:00:00,7.359,4019,Camden Kerbside,Nitrogen monoxide,NO
2023-12-10 15:00:00,6.985,4019,Camden Kerbside,Nitrogen monoxide,NO
2023-12-10 16:00:00,6.735,4019,Camden Kerbside,Nitrogen monoxide,NO
2023-12-10 17:00:00,3.991,4019,Camden Kerbside,Nitrogen monoxide,NO
2023-12-10 18:00:00,5.738,4019,Camden Kerbside,Nitrogen monoxide,NO
2023-12-10 19:00:00,5.363,4019,Camden Kerbside,Nitrogen monoxide,NO
2023-12-10 20:00:00,6.112,4019,Camden Kerbside,Nitrogen monoxide,NO
2023-12-10 21:00:00,5.114,4019,Camden Kerbside,Nitrogen monoxide,NO
2023-12-10 22:00:00,3.742,4019,Camden Kerbside,Nitrogen monoxide,NO
2023-12-10 23:00:00,3.243,4019,Camden Kerbside,Nitrogen monoxide,NO
2023-12-11 00:00:00,2.869,4019,Camden Kerbside,Nitrogen monoxide,NO
2023-12-11 01:00:00,2.495,4019,Camden Kerbside,Nitrogen monoxide,NO
2023-12-11 02:00:00,2.12,4019,Camden Kerbside,Nitrogen monoxide,NO
2023-12-11 03:00:00,1.746,4019,Camden Kerbside,Nitrogen monoxide,NO
2023-12-11 04:00:00,1.871,4019,Camden Kerbside,Nitrogen monoxide,NO
2023-12-11 05:00:00,1.996,4019,Camden Kerbside,Nitrogen monoxide,NO
2023-12-11 06:00:00,2.245,4019,Camden Kerbside,Nitrogen monoxide,NO
2023-12-11 07:00:00,3.867,4019,Camden Kerbside,Nitrogen monoxide,NO
2023-12-11 08:00:00,6.361,4019,Camden Kerbside,Nitrogen monoxide,NO
2023-12-11 09:00:00,10.976,4019,Camden Kerbside,Nitrogen monoxide,NO
2023-12-11 10:00:00,10.727,4019,Camden Kerbside,Nitrogen monoxide,NO
2023-12-11 11:00:00,10.976,4019,Camden Kerbside,Nitrogen monoxide,NO
2023-12-11 12:00:00,9.105,4019,Camden Kerbside,Nitrogen monoxide,NO
2023-12-11 13:00:00,8.606,4019,Camden Kerbside,Nitrogen monoxide,NO
2023-12-11 14:00:00,6.86,4019,Camden Kerbside,Nitrogen monoxide,NO
2023-12-11 15:00:00,9.479,4019,Camden Kerbside,Nitrogen monoxide,NO
2023-12-11 16:00:00,8.107,4019,Camden Kerbside,Nitrogen monoxide,NO
2023-12-11 17:00:00,19.208,4019,Camden Kerbside,Nitrogen monoxide,NO
2023-12-11 18:00:00,58.498,4019,Camden Kerbside,Nitrogen monoxide,NO
2023-12-11 19:00:00,86.937,4019,Camden Kerbside,Nitrogen monoxide,NO
2023-12-11 20:00:00,60.12,4019,Camden Kerbside,Nitrogen monoxide,NO
2023-12-11 21:00:00,27.316,4019,Camden Kerbside,Nitrogen monoxide,NO
2023-12-11 22:00:00,19.084,4019,Camden Kerbside,Nitrogen monoxide,NO
2023-12-11 23:00:00,12.722,4019,Camden Kerbside,Nitrogen monoxide,NO
2023-12-12 00:00:00,24.198,4019,Camden Kerbside,Nitrogen monoxide,NO
2023-12-12 01:00:00,14.219,4019,Camden Kerbside,Nitrogen monoxide,NO
2023-12-12 02:00:00,3.243,4019,Camden Kerbside,Nitrogen monoxide,NO
2023-12-12 03:00:00,3.243,4019,Camden Kerbside,Nitrogen monoxide,NO
2023-12-12 04:00:00,3.118,4019,Camden Kerbside,Nitrogen monoxide,NO
2023-12-12 05:00:00,3.118,4019,Camden Kerbside,Nitrogen monoxide,NO
2023-12-12 06:00:00,3.991,4019,Camden Kerbside,Nitrogen monoxide,NO
2023-12-12 07:00:00,24.946,4019,Camden Kerbside,Nitrogen monoxide,NO
2023-12-12 08:00:00,85.44,4019,Camden Kerbside,Nitrogen monoxide,NO
2023-12-12 09:00:00,78.829,4019,Camden Kerbside,Nitrogen monoxide,NO
2023-12-12 10:00:00,42.034,4019,Camden Kerbside,Nitrogen monoxide,NO
2023-12-12 11:00:00,21.578,4019,Camden Kerbside,Nitrogen monoxide,NO
2023-12-12 12:00:00,15.841,4019,Camden Kerbside,Nitrogen monoxide,NO
2023-12-12 13:00:00,22.327,4019,Camden Kerbside,Nitrogen monoxide,NO
2023-12-12 14:00:00,23.823,4019,Camden Kerbside,Nitrogen monoxide,NO
2023-12-12 15:00:00,35.548,4019,Camden Kerbside,Nitrogen monoxide,NO
2023-12-12 16:00:00,18.46,4019,Camden Kerbside,Nitrogen monoxide,NO
2023-12-12 17:00:00,32.804,4019,Camden Kerbside,Nitrogen monoxide,NO
2023-12-12 18:00:00,41.909,4019,Camden Kerbside,Nitrogen monoxide,NO
2023-12-12 19:00:00,25.071,4019,Camden Kerbside,Nitrogen monoxide,NO
2023-12-12 20:00:00,11.35,4019,Camden Kerbside,Nitrogen monoxide,NO
2023-12-12 21:00:00,11.101,4019,Camden Kerbside,Nitrogen monoxide,NO
2023-12-12 22:00:00,6.237,4019,Camden Kerbside,Nitrogen monoxide,NO
2023-12-12 23:00:00,4.241,4019,Camden Kerbside,Nitrogen monoxide,NO
2023-12-13 00:00:00,4.864,4019,Camden Kerbside,Nitrogen monoxide,NO
2023-12-13 01:00:00,4.615,4019,Camden Kerbside,Nitrogen monoxide,NO
2023-12-13 02:00:00,2.245,4019,Camden Kerbside,Nitrogen monoxide,NO
2023-12-13 03:00:00,5.488,4019,Camden Kerbside,Nitrogen monoxide,NO
2023-12-13 04:00:00,15.467,4019,Camden Kerbside,Nitrogen monoxide,NO
2023-12-13 05:00:00,10.228,4019,Camden Kerbside,Nitrogen monoxide,NO
2023-12-13 06:00:00,7.983,4019,Camden Kerbside,Nitrogen monoxide,NO
2023-12-13 07:00:00,26.942,4019,Camden Kerbside,Nitrogen monoxide,NO
2023-12-13 08:00:00,38.043,4019,Camden Kerbside,Nitrogen monoxide,NO
2023-12-13 09:00:00,44.778,4019,Camden Kerbside,Nitrogen monoxide,NO
2023-12-13 10:00:00,60.744,4019,Camden Kerbside,Nitrogen monoxide,NO
2023-12-13 11:00:00,68.352,4019,Camden Kerbside,Nitrogen monoxide,NO
2023-12-13 12:00:00,56.004,4019,Camden Kerbside,Nitrogen monoxide,NO
2023-12-13 13:00:00,50.516,4019,Camden Kerbside,Nitrogen monoxide,NO
2023-12-13 14:00:00,47.647,4019,Camden Kerbside,Nitrogen monoxide,NO
2023-12-13 15:00:00,46.524,4019,Camden Kerbside,Nitrogen monoxide,NO
2023-12-13 16:00:00,57.75,4019,Camden Kerbside,Nitrogen monoxide,NO
2023-12-13 17:00:00,49.268,4019,Camden Kerbside,Nitrogen monoxide,NO
2023-12-13 18:00:00,48.769,4019,Camden Kerbside,Nitrogen monoxide,NO
2023-12-13 19:00:00,65.733,4019,Camden Kerbside,Nitrogen monoxide,NO
2023-12-13 20:00:00,42.408,4019,Camden Kerbside,Nitrogen monoxide,NO
2023-12-13 21:00:00,34.051,4019,Camden Kerbside,Nitrogen monoxide,NO
2023-12-13 22:00:00,20.206,4019,Camden Kerbside,Nitrogen monoxide,NO
2023-12-13 23:00:00,15.965,4019,Camden Kerbside,Nitrogen monoxide,NO
2023-12-14 00:00:00,15.716,4019,Camden Kerbside,Nitrogen monoxide,NO
2023-12-14 01:00:00,17.836,4019,Camden Kerbside,Nitrogen monoxide,NO
2023-12-14 02:00:00,8.482,4019,Camden Kerbside,Nitrogen monoxide,NO
2023-12-14 03:00:00,4.864,4019,Camden Kerbside,Nitrogen monoxide,NO
2023-12-14 04:00:00,4.116,4019,Camden Kerbside,Nitrogen monoxide,NO
2023-12-14 05:00:00,5.114,4019,Camden Kerbside,Nitrogen monoxide,NO
2023-12-14 06:00:00,4.241,4019,Camden Kerbside,Nitrogen monoxide,NO
2023-12-14 07:00:00,11.101,4019,Camden Kerbside,Nitrogen monoxide,NO
2023-12-14 08:00:00,18.585,4019,Camden Kerbside,Nitrogen monoxide,NO
2023-12-14 09:00:00,65.359,4019,Camden Kerbside,Nitrogen monoxide,NO
2023-12-14 10:00:00,73.466,4019,Camden Kerbside,Nitrogen monoxide,NO
2023-12-14 11:00:00,39.165,4019,Camden Kerbside,Nitrogen monoxide,NO
2023-12-14 12:00:00,23.699,4019,Camden Kerbside,Nitrogen monoxide,NO
2023-12-14 13:00:00,21.828,4019,Camden Kerbside,Nitrogen monoxide,NO
2023-12-14 14:00:00,26.069,4019,Camden Kerbside,Nitrogen monoxide,NO
2023-12-14 15:00:00,57.251,4019,Camden Kerbside,Nitrogen monoxide,NO
2023-12-14 16:00:00,36.92,4019,Camden Kerbside,Nitrogen monoxide,NO
2023-12-14 17:00:00,40.288,4019,Camden Kerbside,Nitrogen monoxide,NO
2023-12-14 18:00:00,29.062,4019,Camden Kerbside,Nitrogen monoxide,NO
2023-12-14 19:00:00,43.406,4019,Camden Kerbside,Nitrogen monoxide,NO
2023-12-14 20:00:00,86.687,4019,Camden Kerbside,Nitrogen monoxide,NO
2023-12-14 21:00:00,79.578,4019,Camden Kerbside,Nitrogen monoxide,NO
2023-12-14 22:00:00,86.812,4019,Camden Kerbside,Nitrogen monoxide,NO
2023-12-14 23:00:00,60.993,4019,Camden Kerbside,Nitrogen monoxide,NO
2023-12-15 00:00:00,64.111,4019,Camden Kerbside,Nitrogen monoxide,NO
2023-12-15 01:00:00,49.892,4019,Camden Kerbside,Nitrogen monoxide,NO
2023-12-15 02:00:00,33.303,4019,Camden Kerbside,Nitrogen monoxide,NO
2023-12-15 03:00:00,24.697,4019,Camden Kerbside,Nitrogen monoxide,NO
2023-12-15 04:00:00,9.23,4019,Camden Kerbside,Nitrogen monoxide,NO
2023-12-15 05:00:00,4.116,4019,Camden Kerbside,Nitrogen monoxide,NO
2023-12-15 06:00:00,10.852,4019,Camden Kerbside,Nitrogen monoxide,NO
2023-12-15 07:00:00,26.069,4019,Camden Kerbside,Nitrogen monoxide,NO
2023-12-15 08:00:00,63.113,4019,Camden Kerbside,Nitrogen monoxide,NO
2023-12-15 09:00:00,99.16,4019,Camden Kerbside,Nitrogen monoxide,NO
2023-12-15 10:00:00,92.674,4019,Camden Kerbside,Nitrogen monoxide,NO
2023-12-15 11:00:00,74.963,4019,Camden Kerbside,Nitrogen monoxide,NO
2023-12-15 12:00:00,74.214,4019,Camden Kerbside,Nitrogen monoxide,NO
2023-12-15 13:00:00,85.44,4019,Camden Kerbside,Nitrogen monoxide,NO
2023-12-15 14:00:00,78.33,4019,Camden Kerbside,Nitrogen monoxide,NO
2023-12-15 15:00:00,69.475,4019,Camden Kerbside,Nitrogen monoxide,NO
2023-12-15 16:00:00,31.557,4019,Camden Kerbside,Nitrogen monoxide,NO
2023-12-15 17:00:00,55.255,4019,Camden Kerbside,Nitrogen monoxide,NO
2023-12-15 18:00:00,33.303,4019,Camden Kerbside,Nitrogen monoxide,NO
2023-12-15 19:00:00,28.064,4019,Camden Kerbside,Nitrogen monoxide,NO
2023-12-15 20:00:00,19.957,4019,Camden Kerbside,Nitrogen monoxide,NO
2023-12-15 21:00:00,9.978,4019,Camden Kerbside,Nitrogen monoxide,NO
2023-12-15 22:00:00,9.23,4019,Camden Kerbside,Nitrogen monoxide,NO
2023-12-15 23:00:00,6.86,4019,Camden Kerbside,Nitrogen monoxide,NO
2023-12-16 00:00:00,6.112,4019,Camden Kerbside,Nitrogen monoxide,NO
2023-12-16 01:00:00,4.74,4019,Camden Kerbside,Nitrogen monoxide,NO
2023-12-16 02:00:00,3.118,4019,Camden Kerbside,Nitrogen monoxide,NO
2023-12-16 03:00:00,1.871,4019,Camden Kerbside,Nitrogen monoxide,NO
2023-12-16 04:00:00,1.621,4019,Camden Kerbside,Nitrogen monoxide,NO
2023-12-16 05:00:00,1.123,4019,Camden Kerbside,Nitrogen monoxide,NO
2023-12-16 06:00:00,1.996,4019,Camden Kerbside,Nitrogen monoxide,NO
2023-12-16 07:00:00,2.495,4019,Camden Kerbside,Nitrogen monoxide,NO
2023-12-16 08:00:00,4.615,4019,Camden Kerbside,Nitrogen monoxide,NO
2023-12-16 09:00:00,5.488,4019,Camden Kerbside,Nitrogen monoxide,NO
2023-12-16 10:00:00,6.361,4019,Camden Kerbside,Nitrogen monoxide,NO
2023-12-16 11:00:00,7.484,4019,Camden Kerbside,Nitrogen monoxide,NO
2023-12-16 12:00:00,7.11,4019,Camden Kerbside,Nitrogen monoxide,NO
2023-12-16 13:00:00,8.606,4019,Camden Kerbside,Nitrogen monoxide,NO
2023-12-16 14:00:00,8.357,4019,Camden Kerbside,Nitrogen monoxide,NO
2023-12-16 15:00:00,8.357,4019,Camden Kerbside,Nitrogen monoxide,NO
2023-12-16 16:00:00,8.357,4019,Camden Kerbside,Nitrogen monoxide,NO
2023-12-16 17:00:00,8.981,4019,Camden Kerbside,Nitrogen monoxide,NO
2023-12-16 18:00:00,9.355,4019,Camden Kerbside,Nitrogen monoxide,NO
2023-12-16 19:00:00,6.361,4019,Camden Kerbside,Nitrogen monoxide,NO
2023-12-16 20:00:00,5.239,4019,Camden Kerbside,Nitrogen monoxide,NO
2023-12-16 21:00:00,7.234,4019,Camden Kerbside,Nitrogen monoxide,NO
2023-12-16 22:00:00,5.363,4019,Camden Kerbside,Nitrogen monoxide,NO
2023-12-16 23:00:00,4.241,4019,Camden Kerbside,Nitrogen monoxide,NO
2023-12-17 00:00:00,4.366,4019,Camden Kerbside,Nitrogen monoxide,NO
2023-12-17 01:00:00,4.241,4019,Camden Kerbside,Nitrogen monoxide,NO
2023-12-17 02:00:00,3.492,4019,Camden Kerbside,Nitrogen monoxide,NO
2023-12-17 03:00:00,2.12,4019,Camden Kerbside,Nitrogen monoxide,NO
2023-12-17 04:00:00,1.746,4019,Camden Kerbside,Nitrogen monoxide,NO
2023-12-17 05:00:00,1.621,4019,Camden Kerbside,Nitrogen monoxide,NO
2023-12-17 06:00:00,2.245,4019,Camden Kerbside,Nitrogen monoxide,NO
2023-12-17 07:00:00,2.869,4019,Camden Kerbside,Nitrogen monoxide,NO
2023-12-17 08:00:00,4.116,4019,Camden Kerbside,Nitrogen monoxide,NO
2023-12-17 09:00:00,6.86,4019,Camden Kerbside,Nitrogen monoxide,NO
2023-12-17 10:00:00,4.864,4019,Camden Kerbside,Nitrogen monoxide,NO
2023-12-17 11:00:00,12.348,4019,Camden Kerbside,Nitrogen monoxide,NO
2023-12-17 12:00:00,7.11,4019,Camden Kerbside,Nitrogen monoxide,NO
2023-12-17 13:00:00,7.733,4019,Camden Kerbside,Nitrogen monoxide,NO
2023-12-17 14:00:00,12.722,4019,Camden Kerbside,Nitrogen monoxide,NO
2023-12-17 15:00:00,6.237,4019,Camden Kerbside,Nitrogen monoxide,NO
2023-12-17 16:00:00,6.237,4019,Camden Kerbside,Nitrogen monoxide,NO
2023-12-17 17:00:00,6.237,4019,Camden Kerbside,Nitrogen monoxide,NO
2023-12-17 18:00:00,7.858,4019,Camden Kerbside,Nitrogen monoxide,NO
2023-12-17 19:00:00,5.862,4019,Camden Kerbside,Nitrogen monoxide,NO
2023-12-17 20:00:00,4.241,4019,Camden Kerbside,Nitrogen monoxide,NO
2023-12-17 21:00:00,4.116,4019,Camden Kerbside,Nitrogen monoxide,NO
2023-12-17 22:00:00,3.368,4019,Camden Kerbside,Nitrogen monoxide,NO
2023-12-17 23:00:00,3.991,4019,Camden Kerbside,Nitrogen monoxide,NO
2023-12-18 00:00:00,3.492,4019,Camden Kerbside,Nitrogen monoxide,NO
2023-12-18 01:00:00,2.495,4019,Camden Kerbside,Nitrogen monoxide,NO
2023-12-18 02:00:00,1.996,4019,Camden Kerbside,Nitrogen monoxide,NO
2023-12-18 03:00:00,1.746,4019,Camden Kerbside,Nitrogen monoxide,NO
2023-12-18 04:00:00,2.12,4019,Camden Kerbside,Nitrogen monoxide,NO
2023-12-18 05:00:00,1.996,4019,Camden Kerbside,Nitrogen monoxide,NO
2023-12-18 06:00:00,2.245,4019,Camden Kerbside,Nitrogen monoxide,NO
2023-12-18 07:00:00,3.742,4019,Camden Kerbside,Nitrogen monoxide,NO
2023-12-18 08:00:00,8.856,4019,Camden Kerbside,Nitrogen monoxide,NO
2023-12-18 09:00:00,13.097,4019,Camden Kerbside,Nitrogen monoxide,NO
2023-12-18 10:00:00,9.355,4019,Camden Kerbside,Nitrogen monoxide,NO
2023-12-18 11:00:00,-99.0,4019,Camden Kerbside,Nitrogen monoxide,NO
2023-12-18 12:00:00,10.852,4019,Camden Kerbside,Nitrogen monoxide,NO
2023-12-18 13:00:00,16.963,4019,Camden Kerbside,Nitrogen monoxide,NO
2023-12-18 14:00:00,10.852,4019,Camden Kerbside,Nitrogen monoxide,NO
2023-12-18 15:00:00,10.103,4019,Camden Kerbside,Nitrogen monoxide,NO
2023-12-18 16:00:00,10.602,4019,Camden Kerbside,Nitrogen monoxide,NO
2023-12-18 17:00:00,12.099,4019,Camden Kerbside,Nitrogen monoxide,NO
2023-12-18 18:00:00,19.208,4019,Camden Kerbside,Nitrogen monoxide,NO
2023-12-18 19:00:00,11.849,4019,Camden Kerbside,Nitrogen monoxide,NO
2023-12-18 21:00:00,7.234,4019,Camden Kerbside,Nitrogen monoxide,NO
2023-12-18 22:00:00,6.985,4019,Camden Kerbside,Nitrogen monoxide,NO
2023-12-18 23:00:00,3.742,4019,Camden Kerbside,Nitrogen monoxide,NO
2023-12-19 00:00:00,4.864,4019,Camden Kerbside,Nitrogen monoxide,NO
2023-12-19 01:00:00,3.118,4019,Camden Kerbside,Nitrogen monoxide,NO
2023-12-19 02:00:00,2.495,4019,Camden Kerbside,Nitrogen monoxide,NO
2023-12-19 03:00:00,2.245,4019,Camden Kerbside,Nitrogen monoxide,NO
2023-12-19 04:00:00,1.497,4019,Camden Kerbside,Nitrogen monoxide,NO
2023-12-19 05:00:00,1.996,4019,Camden Kerbside,Nitrogen monoxide,NO
2023-12-19 06:00:00,2.619,4019,Camden Kerbside,Nitrogen monoxide,NO
2023-12-19 07:00:00,4.615,4019,Camden Kerbside,Nitrogen monoxide,NO
2023-12-19 08:00:00,6.486,4019,Camden Kerbside,Nitrogen monoxide,NO
2023-12-19 09:00:00,9.355,4019,Camden Kerbside,Nitrogen monoxide,NO
2023-12-19 10:00:00,25.445,4019,Camden Kerbside,Nitrogen monoxide,NO
2023-12-19 11:00:00,103.027,4019,Camden Kerbside,Nitrogen monoxide,NO
2023-12-19 12:00:00,69.1,4019,Camden Kerbside,Nitrogen monoxide,NO
2023-12-19 13:00:00,49.767,4019,Camden Kerbside,Nitrogen monoxide,NO
2023-12-19 14:00:00,52.511,4019,Camden Kerbside,Nitrogen monoxide,NO
2023-12-19 15:00:00,63.113,4019,Camden Kerbside,Nitrogen monoxide,NO
2023-12-19 16:00:00,51.763,4019,Camden Kerbside,Nitrogen monoxide,NO
2023-12-19 17:00:00,72.468,4019,Camden Kerbside,Nitrogen monoxide,NO
2023-12-19 18:00:00,22.701,4019,Camden Kerbside,Nitrogen monoxide,NO
2023-12-19 19:00:00,7.484,4019,Camden Kerbside,Nitrogen monoxide,NO
2023-12-19 20:00:00,6.486,4019,Camden Kerbside,Nitrogen monoxide,NO
2023-12-19 21:00:00,4.366,4019,Camden Kerbside,Nitrogen monoxide,NO
2023-12-19 22:00:00,2.619,4019,Camden Kerbside,Nitrogen monoxide,NO
2023-12-19 23:00:00,2.495,4019,Camden Kerbside,Nitrogen monoxide,NO
2023-12-20 00:00:00,2.37,4019,Camden Kerbside,Nitrogen monoxide,NO
2023-12-20 01:00:00,-99.0,4019,Camden Kerbside,Nitrogen monoxide,NO
2023-12-20 02:00:00,0.249,4019,Camden Kerbside,Nitrogen monoxide,NO
2023-12-20 03:00:00,0.499,4019,Camden Kerbside,Nitrogen monoxide,NO
2023-12-20 04:00:00,0.499,4019,Camden Kerbside,Nitrogen monoxide,NO
2023-12-20 05:00:00,0.125,4019,Camden Kerbside,Nitrogen monoxide,NO
2023-12-20 06:00:00,0.998,4019,Camden Kerbside,Nitrogen monoxide,NO
2023-12-20 07:00:00,3.243,4019,Camden Kerbside,Nitrogen monoxide,NO
2023-12-20 08:00:00,6.735,4019,Camden Kerbside,Nitrogen monoxide,NO
2023-12-20 09:00:00,6.611,4019,Camden Kerbside,Nitrogen monoxide,NO
2023-12-20 10:00:00,5.987,4019,Camden Kerbside,Nitrogen monoxide,NO
2023-12-20 11:00:00,6.86,4019,Camden Kerbside,Nitrogen monoxide,NO
2023-12-20 12:00:00,8.482,4019,Camden Kerbside,Nitrogen monoxide,NO
2023-12-20 13:00:00,8.357,4019,Camden Kerbside,Nitrogen monoxide,NO
2023-12-20 14:00:00,10.852,4019,Camden Kerbside,Nitrogen monoxide,NO
2023-12-20 15:00:00,5.613,4019,Camden Kerbside,Nitrogen monoxide,NO
2023-12-20 16:00:00,6.361,4019,Camden Kerbside,Nitrogen monoxide,NO
2023-12-20 17:00:00,5.114,4019,Camden Kerbside,Nitrogen monoxide,NO
2023-12-20 18:00:00,4.49,4019,Camden Kerbside,Nitrogen monoxide,NO
2023-12-20 19:00:00,3.243,4019,Camden Kerbside,Nitrogen monoxide,NO
2023-12-20 20:00:00,3.368,4019,Camden Kerbside,Nitrogen monoxide,NO
2023-12-20 21:00:00,2.245,4019,Camden Kerbside,Nitrogen monoxide,NO
2023-12-20 22:00:00,2.245,4019,Camden Kerbside,Nitrogen monoxide,NO
2023-12-20 23:00:00,1.497,4019,Camden Kerbside,Nitrogen monoxide,NO
2023-12-21 00:00:00,1.871,4019,Camden Kerbside,Nitrogen monoxide,NO
2023-12-21 01:00:00,0.998,4019,Camden Kerbside,Nitrogen monoxide,NO
2023-12-21 02:00:00,0.249,4019,Camden Kerbside,Nitrogen monoxide,NO
2023-12-21 03:00:00,0.0,4019,Camden Kerbside,Nitrogen monoxide,NO
2023-12-21 04:00:00,0.0,4019,Camden Kerbside,Nitrogen monoxide,NO
2023-12-21 05:00:00,0.0,4019,Camden Kerbside,Nitrogen monoxide,NO
2023-12-21 06:00:00,0.374,4019,Camden Kerbside,Nitrogen monoxide,NO
2023-12-21 07:00:00,1.621,4019,Camden Kerbside,Nitrogen monoxide,NO
2023-12-21 08:00:00,2.37,4019,Camden Kerbside,Nitrogen monoxide,NO
2023-12-21 09:00:00,3.492,4019,Camden Kerbside,Nitrogen monoxide,NO
2023-12-21 10:00:00,3.243,4019,Camden Kerbside,Nitrogen monoxide,NO
2023-12-21 11:00:00,3.867,4019,Camden Kerbside,Nitrogen monoxide,NO
2023-12-21 12:00:00,3.867,4019,Camden Kerbside,Nitrogen monoxide,NO
2023-12-21 13:00:00,3.118,4019,Camden Kerbside,Nitrogen monoxide,NO
2023-12-21 14:00:00,2.994,4019,Camden Kerbside,Nitrogen monoxide,NO
2023-12-21 15:00:00,4.241,4019,Camden Kerbside,Nitrogen monoxide,NO
2023-12-21 16:00:00,3.991,4019,Camden Kerbside,Nitrogen monoxide,NO
2023-12-21 17:00:00,4.241,4019,Camden Kerbside,Nitrogen monoxide,NO
2023-12-21 18:00:00,3.867,4019,Camden Kerbside,Nitrogen monoxide,NO
2023-12-21 19:00:00,4.116,4019,Camden Kerbside,Nitrogen monoxide,NO
2023-12-21 20:00:00,3.492,4019,Camden Kerbside,Nitrogen monoxide,NO
2023-12-21 21:00:00,2.495,4019,Camden Kerbside,Nitrogen monoxide,NO
2023-12-21 22:00:00,1.871,4019,Camden Kerbside,Nitrogen monoxide,NO
2023-12-21 23:00:00,1.746,4019,Camden Kerbside,Nitrogen monoxide,NO
2023-12-22 00:00:00,1.372,4019,Camden Kerbside,Nitrogen monoxide,NO
2023-12-22 01:00:00,0.998,4019,Camden Kerbside,Nitrogen monoxide,NO
2023-12-22 02:00:00,0.374,4019,Camden Kerbside,Nitrogen monoxide,NO
2023-12-22 03:00:00,0.125,4019,Camden Kerbside,Nitrogen monoxide,NO
2023-12-22 04:00:00,0.249,4019,Camden Kerbside,Nitrogen monoxide,NO
2023-12-22 05:00:00,0.125,4019,Camden Kerbside,Nitrogen monoxide,NO
2023-12-22 06:00:00,0.499,4019,Camden Kerbside,Nitrogen monoxide,NO
2023-12-22 07:00:00,2.245,4019,Camden Kerbside,Nitrogen monoxide,NO
2023-12-22 08:00:00,2.994,4019,Camden Kerbside,Nitrogen monoxide,NO
2023-12-22 09:00:00,2.744,4019,Camden Kerbside,Nitrogen monoxide,NO
2023-12-22 10:00:00,4.615,4019,Camden Kerbside,Nitrogen monoxide,NO
2023-12-22 11:00:00,3.492,4019,Camden Kerbside,Nitrogen monoxide,NO
2023-12-22 12:00:00,3.243,4019,Camden Kerbside,Nitrogen monoxide,NO
2023-12-22 13:00:00,3.742,4019,Camden Kerbside,Nitrogen monoxide,NO
2023-12-22 14:00:00,4.241,4019,Camden Kerbside,Nitrogen monoxide,NO
2023-12-22 15:00:00,3.118,4019,Camden Kerbside,Nitrogen monoxide,NO
2023-12-22 16:00:00,2.869,4019,Camden Kerbside,Nitrogen monoxide,NO
2023-12-22 17:00:00,3.368,4019,Camden Kerbside,Nitrogen monoxide,NO
2023-12-22 18:00:00,4.366,4019,Camden Kerbside,Nitrogen monoxide,NO
2023-12-22 19:00:00,2.869,4019,Camden Kerbside,Nitrogen monoxide,NO
2023-12-22 20:00:00,4.116,4019,Camden Kerbside,Nitrogen monoxide,NO
2023-12-22 21:00:00,3.118,4019,Camden Kerbside,Nitrogen monoxide,NO
2023-12-22 22:00:00,2.12,4019,Camden Kerbside,Nitrogen monoxide,NO
2023-12-22 23:00:00,2.12,4019,Camden Kerbside,Nitrogen monoxide,NO
2023-12-23 00:00:00,2.12,4019,Camden Kerbside,Nitrogen monoxide,NO
2023-12-23 01:00:00,1.497,4019,Camden Kerbside,Nitrogen monoxide,NO
2023-12-23 02:00:00,0.374,4019,Camden Kerbside,Nitrogen monoxide,NO
2023-12-23 03:00:00,0.249,4019,Camden Kerbside,Nitrogen monoxide,NO
2023-12-23 04:00:00,0.125,4019,Camden Kerbside,Nitrogen monoxide,NO
2023-12-23 05:00:00,0.125,4019,Camden Kerbside,Nitrogen monoxide,NO
2023-12-23 06:00:00,0.374,4019,Camden Kerbside,Nitrogen monoxide,NO
2023-12-23 07:00:00,1.372,4019,Camden Kerbside,Nitrogen monoxide,NO
2023-12-23 08:00:00,1.123,4019,Camden Kerbside,Nitrogen monoxide,NO
2023-12-23 09:00:00,1.871,4019,Camden Kerbside,Nitrogen monoxide,NO
2023-12-23 10:00:00,2.744,4019,Camden Kerbside,Nitrogen monoxide,NO
2023-12-23 11:00:00,3.118,4019,Camden Kerbside,Nitrogen monoxide,NO
2023-12-23 12:00:00,3.243,4019,Camden Kerbside,Nitrogen monoxide,NO
2023-12-23 13:00:00,2.994,4019,Camden Kerbside,Nitrogen monoxide,NO
2023-12-23 14:00:00,2.869,4019,Camden Kerbside,Nitrogen monoxide,NO
2023-12-23 15:00:00,3.368,4019,Camden Kerbside,Nitrogen monoxide,NO
2023-12-23 16:00:00,3.617,4019,Camden Kerbside,Nitrogen monoxide,NO
2023-12-23 17:00:00,3.118,4019,Camden Kerbside,Nitrogen monoxide,NO
2023-12-23 18:00:00,3.492,4019,Camden Kerbside,Nitrogen monoxide,NO
2023-12-23 19:00:00,4.49,4019,Camden Kerbside,Nitrogen monoxide,NO
2023-12-23 20:00:00,2.869,4019,Camden Kerbside,Nitrogen monoxide,NO
2023-12-23 21:00:00,2.37,4019,Camden Kerbside,Nitrogen monoxide,NO
2023-12-23 22:00:00,2.12,4019,Camden Kerbside,Nitrogen monoxide,NO
2023-12-23 23:00:00,1.621,4019,Camden Kerbside,Nitrogen monoxide,NO
2023-12-24 00:00:00,1.372,4019,Camden Kerbside,Nitrogen monoxide,NO
2023-12-24 01:00:00,0.873,4019,Camden Kerbside,Nitrogen monoxide,NO
2023-12-24 02:00:00,0.0,4019,Camden Kerbside,Nitrogen monoxide,NO
2023-12-24 03:00:00,0.249,4019,Camden Kerbside,Nitrogen monoxide,NO
2023-12-24 04:00:00,0.125,4019,Camden Kerbside,Nitrogen monoxide,NO
2023-12-24 05:00:00,0.125,4019,Camden Kerbside,Nitrogen monoxide,NO
2023-12-24 06:00:00,0.249,4019,Camden Kerbside,Nitrogen monoxide,NO
2023-12-24 07:00:00,1.372,4019,Camden Kerbside,Nitrogen monoxide,NO
2023-12-24 08:00:00,0.748,4019,Camden Kerbside,Nitrogen monoxide,NO
2023-12-24 09:00:00,0.873,4019,Camden Kerbside,Nitrogen monoxide,NO
2023-12-24 10:00:00,1.871,4019,Camden Kerbside,Nitrogen monoxide,NO
2023-12-24 11:00:00,2.12,4019,Camden Kerbside,Nitrogen monoxide,NO
2023-12-24 12:00:00,2.245,4019,Camden Kerbside,Nitrogen monoxide,NO
2023-12-24 13:00:00,2.619,4019,Camden Kerbside,Nitrogen monoxide,NO
2023-12-24 14:00:00,2.495,4019,Camden Kerbside,Nitrogen monoxide,NO
2023-12-24 15:00:00,2.619,4019,Camden Kerbside,Nitrogen monoxide,NO
2023-12-24 16:00:00,2.619,4019,Camden Kerbside,Nitrogen monoxide,NO
2023-12-24 17:00:00,2.619,4019,Camden Kerbside,Nitrogen monoxide,NO
2023-12-24 18:00:00,2.12,4019,Camden Kerbside,Nitrogen monoxide,NO
2023-12-24 19:00:00,2.37,4019,Camden Kerbside,Nitrogen monoxide,NO
2023-12-24 20:00:00,1.746,4019,Camden Kerbside,Nitrogen monoxide,NO
2023-12-24 22:00:00,0.873,4019,Camden Kerbside,Nitrogen monoxide,NO
2023-12-24 23:00:00,1.247,4019,Camden Kerbside,Nitrogen monoxide,NO
2023-12-25 00:00:00,0.624,4019,Camden Kerbside,Nitrogen monoxide,NO
2023-12-25 01:00:00,0.624,4019,Camden Kerbside,Nitrogen monoxide,NO
2023-12-25 02:00:00,0.125,4019,Camden Kerbside,Nitrogen monoxide,NO
2023-12-25 03:00:00,0.0,4019,Camden Kerbside,Nitrogen monoxide,NO
2023-12-25 04:00:00,0.125,4019,Camden Kerbside,Nitrogen monoxide,NO
2023-12-25 05:00:00,0.0,4019,Camden Kerbside,Nitrogen monoxide,NO
2023-12-25 06:00:00,0.125,4019,Camden Kerbside,Nitrogen monoxide,NO
2023-12-25 07:00:00,0.125,4019,Camden Kerbside,Nitrogen monoxide,NO
2023-12-25 08:00:00,0.499,4019,Camden Kerbside,Nitrogen monoxide,NO
2023-12-25 09:00:00,0.499,4019,Camden Kerbside,Nitrogen monoxide,NO
2023-12-25 10:00:00,0.374,4019,Camden Kerbside,Nitrogen monoxide,NO
2023-12-25 11:00:00,1.372,4019,Camden Kerbside,Nitrogen monoxide,NO
2023-12-25 12:00:00,1.123,4019,Camden Kerbside,Nitrogen monoxide,NO
2023-12-25 13:00:00,1.497,4019,Camden Kerbside,Nitrogen monoxide,NO
2023-12-25 14:00:00,1.621,4019,Camden Kerbside,Nitrogen monoxide,NO
2023-12-25 15:00:00,1.372,4019,Camden Kerbside,Nitrogen monoxide,NO
2023-12-25 16:00:00,1.372,4019,Camden Kerbside,Nitrogen monoxide,NO
2023-12-25 17:00:00,1.996,4019,Camden Kerbside,Nitrogen monoxide,NO
2023-12-25 18:00:00,1.746,4019,Camden Kerbside,Nitrogen monoxide,NO
2023-12-25 19:00:00,1.746,4019,Camden Kerbside,Nitrogen monoxide,NO
2023-12-25 20:00:00,0.873,4019,Camden Kerbside,Nitrogen monoxide,NO
2023-12-25 21:00:00,0.998,4019,Camden Kerbside,Nitrogen monoxide,NO
2023-12-25 22:00:00,0.624,4019,Camden Kerbside,Nitrogen monoxide,NO
2023-12-25 23:00:00,0.748,4019,Camden Kerbside,Nitrogen monoxide,NO
2023-12-26 00:00:00,0.499,4019,Camden Kerbside,Nitrogen monoxide,NO
2023-12-26 01:00:00,0.624,4019,Camden Kerbside,Nitrogen monoxide,NO
2023-12-26 02:00:00,0.249,4019,Camden Kerbside,Nitrogen monoxide,NO
2023-12-26 03:00:00,0.249,4019,Camden Kerbside,Nitrogen monoxide,NO
2023-12-26 04:00:00,0.374,4019,Camden Kerbside,Nitrogen monoxide,NO
2023-12-26 05:00:00,0.374,4019,Camden Kerbside,Nitrogen monoxide,NO
2023-12-26 06:00:00,0.249,4019,Camden Kerbside,Nitrogen monoxide,NO
2023-12-26 07:00:00,0.748,4019,Camden Kerbside,Nitrogen monoxide,NO
2023-12-26 08:00:00,1.746,4019,Camden Kerbside,Nitrogen monoxide,NO
2023-12-26 09:00:00,2.619,4019,Camden Kerbside,Nitrogen monoxide,NO
2023-12-26 10:00:00,5.239,4019,Camden Kerbside,Nitrogen monoxide,NO
2023-12-26 11:00:00,5.363,4019,Camden Kerbside,Nitrogen monoxide,NO
2023-12-26 12:00:00,6.237,4019,Camden Kerbside,Nitrogen monoxide,NO
2023-12-26 13:00:00,5.239,4019,Camden Kerbside,Nitrogen monoxide,NO
2023-12-26 14:00:00,8.731,4019,Camden Kerbside,Nitrogen monoxide,NO
2023-12-26 15:00:00,10.602,4019,Camden Kerbside,Nitrogen monoxide,NO
2023-12-26 16:00:00,21.454,4019,Camden Kerbside,Nitrogen monoxide,NO
2023-12-26 17:00:00,75.586,4019,Camden Kerbside,Nitrogen monoxide,NO
2023-12-26 18:00:00,73.715,4019,Camden Kerbside,Nitrogen monoxide,NO
2023-12-26 19:00:00,76.335,4019,Camden Kerbside,Nitrogen monoxide,NO
2023-12-26 20:00:00,79.453,4019,Camden Kerbside,Nitrogen monoxide,NO
2023-12-26 21:00:00,72.094,4019,Camden Kerbside,Nitrogen monoxide,NO
2023-12-26 22:00:00,27.815,4019,Camden Kerbside,Nitrogen monoxide,NO
2023-12-26 23:00:00,26.193,4019,Camden Kerbside,Nitrogen monoxide,NO
2023-12-27 00:00:00,16.09,4019,Camden Kerbside,Nitrogen monoxide,NO
2023-12-27 01:00:00,14.344,4019,Camden Kerbside,Nitrogen monoxide,NO
2023-12-27 02:00:00,8.357,4019,Camden Kerbside,Nitrogen monoxide,NO
2023-12-27 03:00:00,6.985,4019,Camden Kerbside,Nitrogen monoxide,NO
2023-12-27 04:00:00,3.492,4019,Camden Kerbside,Nitrogen monoxide,NO
2023-12-27 05:00:00,1.871,4019,Camden Kerbside,Nitrogen monoxide,NO
2023-12-27 06:00:00,2.495,4019,Camden Kerbside,Nitrogen monoxide,NO
2023-12-27 07:00:00,3.867,4019,Camden Kerbside,Nitrogen monoxide,NO
2023-12-27 08:00:00,2.495,4019,Camden Kerbside,Nitrogen monoxide,NO
2023-12-27 09:00:00,3.867,4019,Camden Kerbside,Nitrogen monoxide,NO
2023-12-27 10:00:00,5.987,4019,Camden Kerbside,Nitrogen monoxide,NO
2023-12-27 11:00:00,3.368,4019,Camden Kerbside,Nitrogen monoxide,NO
2023-12-27 12:00:00,4.116,4019,Camden Kerbside,Nitrogen monoxide,NO
2023-12-27 13:00:00,3.492,4019,Camden Kerbside,Nitrogen monoxide,NO
2023-12-27 14:00:00,3.991,4019,Camden Kerbside,Nitrogen monoxide,NO
2023-12-27 15:00:00,4.49,4019,Camden Kerbside,Nitrogen monoxide,NO
2023-12-27 16:00:00,3.368,4019,Camden Kerbside,Nitrogen monoxide,NO
2023-12-27 17:00:00,3.368,4019,Camden Kerbside,Nitrogen monoxide,NO
2023-12-27 18:00:00,8.107,4019,Camden Kerbside,Nitrogen monoxide,NO
2023-12-27 19:00:00,5.363,4019,Camden Kerbside,Nitrogen monoxide,NO
2023-12-27 20:00:00,5.488,4019,Camden Kerbside,Nitrogen monoxide,NO
2023-12-27 21:00:00,7.11,4019,Camden Kerbside,Nitrogen monoxide,NO
2023-12-27 22:00:00,5.114,4019,Camden Kerbside,Nitrogen monoxide,NO
2023-12-27 23:00:00,3.617,4019,Camden Kerbside,Nitrogen monoxide,NO
2023-12-28 00:00:00,2.495,4019,Camden Kerbside,Nitrogen monoxide,NO
2023-12-28 01:00:00,1.497,4019,Camden Kerbside,Nitrogen monoxide,NO
2023-12-28 02:00:00,0.249,4019,Camden Kerbside,Nitrogen monoxide,NO
2023-12-28 03:00:00,0.249,4019,Camden Kerbside,Nitrogen monoxide,NO
2023-12-28 04:00:00,0.374,4019,Camden Kerbside,Nitrogen monoxide,NO
2023-12-28 05:00:00,0.125,4019,Camden Kerbside,Nitrogen monoxide,NO
2023-12-28 06:00:00,0.499,4019,Camden Kerbside,Nitrogen monoxide,NO
2023-12-28 07:00:00,1.497,4019,Camden Kerbside,Nitrogen monoxide,NO
2023-12-28 08:00:00,3.617,4019,Camden Kerbside,Nitrogen monoxide,NO
2023-12-28 09:00:00,3.368,4019,Camden Kerbside,Nitrogen monoxide,NO
2023-12-28 10:00:00,3.991,4019,Camden Kerbside,Nitrogen monoxide,NO
2023-12-28 11:00:00,4.864,4019,Camden Kerbside,Nitrogen monoxide,NO
2023-12-28 12:00:00,5.363,4019,Camden Kerbside,Nitrogen monoxide,NO
2023-12-28 13:00:00,6.611,4019,Camden Kerbside,Nitrogen monoxide,NO
2023-12-28 14:00:00,5.363,4019,Camden Kerbside,Nitrogen monoxide,NO
2023-12-28 15:00:00,4.74,4019,Camden Kerbside,Nitrogen monoxide,NO
2023-12-28 16:00:00,6.112,4019,Camden Kerbside,Nitrogen monoxide,NO
2023-12-28 17:00:00,5.987,4019,Camden Kerbside,Nitrogen monoxide,NO
2023-12-28 18:00:00,7.234,4019,Camden Kerbside,Nitrogen monoxide,NO
2023-12-28 19:00:00,3.118,4019,Camden Kerbside,Nitrogen monoxide,NO
2023-12-28 20:00:00,3.617,4019,Camden Kerbside,Nitrogen monoxide,NO
2023-12-28 21:00:00,3.991,4019,Camden Kerbside,Nitrogen monoxide,NO
2023-12-28 22:00:00,1.621,4019,Camden Kerbside,Nitrogen monoxide,NO
2023-12-28 23:00:00,2.12,4019,Camden Kerbside,Nitrogen monoxide,NO
2023-12-29 00:00:00,1.621,4019,Camden Kerbside,Nitrogen monoxide,NO
2023-12-29 01:00:00,1.247,4019,Camden Kerbside,Nitrogen monoxide,NO
2023-12-29 02:00:00,0.374,4019,Camden Kerbside,Nitrogen monoxide,NO
2023-12-29 03:00:00,0.499,4019,Camden Kerbside,Nitrogen monoxide,NO
2023-12-29 04:00:00,0.249,4019,Camden Kerbside,Nitrogen monoxide,NO
2023-12-29 05:00:00,0.374,4019,Camden Kerbside,Nitrogen monoxide,NO
2023-12-29 06:00:00,0.624,4019,Camden Kerbside,Nitrogen monoxide,NO
2023-12-29 07:00:00,1.996,4019,Camden Kerbside,Nitrogen monoxide,NO
2023-12-29 08:00:00,1.871,4019,Camden Kerbside,Nitrogen monoxide,NO
2023-12-29 09:00:00,3.368,4019,Camden Kerbside,Nitrogen monoxide,NO
2023-12-29 10:00:00,4.864,4019,Camden Kerbside,Nitrogen monoxide,NO
2023-12-29 11:00:00,11.35,4019,Camden Kerbside,Nitrogen monoxide,NO
2023-12-29 12:00:00,10.602,4019,Camden Kerbside,Nitrogen monoxide,NO
2023-12-29 13:00:00,4.49,4019,Camden Kerbside,Nitrogen monoxide,NO
2023-12-29 14:00:00,6.86,4019,Camden Kerbside,Nitrogen monoxide,NO
2023-12-29 15:00:00,5.613,4019,Camden Kerbside,Nitrogen monoxide,NO
2023-12-29 16:00:00,3.867,4019,Camden Kerbside,Nitrogen monoxide,NO
2023-12-29 17:00:00,3.867,4019,Camden Kerbside,Nitrogen monoxide,NO
2023-12-29 18:00:00,3.742,4019,Camden Kerbside,Nitrogen monoxide,NO
2023-12-29 19:00:00,3.742,4019,Camden Kerbside,Nitrogen monoxide,NO
2023-12-29 20:00:00,4.241,4019,Camden Kerbside,Nitrogen monoxide,NO
2023-12-29 21:00:00,4.49,4019,Camden Kerbside,Nitrogen monoxide,NO
2023-12-29 22:00:00,3.243,4019,Camden Kerbside,Nitrogen monoxide,NO
2023-12-29 23:00:00,3.492,4019,Camden Kerbside,Nitrogen monoxide,NO
2023-12-30 00:00:00,2.994,4019,Camden Kerbside,Nitrogen monoxide,NO
2023-12-30 01:00:00,1.996,4019,Camden Kerbside,Nitrogen monoxide,NO
2023-12-30 03:00:00,0.374,4019,Camden Kerbside,Nitrogen monoxide,NO
2023-12-30 04:00:00,0.499,4019,Camden Kerbside,Nitrogen monoxide,NO
2023-12-30 05:00:00,0.624,4019,Camden Kerbside,Nitrogen monoxide,NO
2023-12-30 06:00:00,2.869,4019,Camden Kerbside,Nitrogen monoxide,NO
2023-12-30 07:00:00,2.495,4019,Camden Kerbside,Nitrogen monoxide,NO
2023-12-30 08:00:00,6.112,4019,Camden Kerbside,Nitrogen monoxide,NO
2023-12-30 09:00:00,4.49,4019,Camden Kerbside,Nitrogen monoxide,NO
2023-12-30 10:00:00,6.112,4019,Camden Kerbside,Nitrogen monoxide,NO
2023-12-30 11:00:00,4.989,4019,Camden Kerbside,Nitrogen monoxide,NO
2023-12-30 12:00:00,7.733,4019,Camden Kerbside,Nitrogen monoxide,NO
2023-12-30 13:00:00,4.366,4019,Camden Kerbside,Nitrogen monoxide,NO
2023-12-30 14:00:00,6.237,4019,Camden Kerbside,Nitrogen monoxide,NO
2023-12-30 15:00:00,4.241,4019,Camden Kerbside,Nitrogen monoxide,NO
2023-12-30 16:00:00,5.488,4019,Camden Kerbside,Nitrogen monoxide,NO
2023-12-30 17:00:00,5.363,4019,Camden Kerbside,Nitrogen monoxide,NO
2023-12-30 18:00:00,5.114,4019,Camden Kerbside,Nitrogen monoxide,NO
2023-12-30 19:00:00,6.86,4019,Camden Kerbside,Nitrogen monoxide,NO
2023-12-30 20:00:00,2.994,4019,Camden Kerbside,Nitrogen monoxide,NO
2023-12-30 21:00:00,3.991,4019,Camden Kerbside,Nitrogen monoxide,NO
2023-12-30 22:00:00,3.118,4019,Camden Kerbside,Nitrogen monoxide,NO
2023-12-30 23:00:00,3.118,4019,Camden Kerbside,Nitrogen monoxide,NO
2023-12-31 00:00:00,3.991,4019,Camden Kerbside,Nitrogen monoxide,NO
2023-12-31 01:00:00,1.996,4019,Camden Kerbside,Nitrogen monoxide,NO
2023-12-31 02:00:00,0.624,4019,Camden Kerbside,Nitrogen monoxide,NO
2023-12-31 03:00:00,0.998,4019,Camden Kerbside,Nitrogen monoxide,NO
2023-12-31 04:00:00,0.499,4019,Camden Kerbside,Nitrogen monoxide,NO
2023-12-31 05:00:00,0.0,4019,Camden Kerbside,Nitrogen monoxide,NO
2023-12-31 06:00:00,0.499,4019,Camden Kerbside,Nitrogen monoxide,NO
2023-12-31 07:00:00,1.123,4019,Camden Kerbside,Nitrogen monoxide,NO
2023-12-31 08:00:00,2.869,4019,Camden Kerbside,Nitrogen monoxide,NO
2023-12-31 09:00:00,3.492,4019,Camden Kerbside,Nitrogen monoxide,NO
2023-12-31 10:00:00,3.617,4019,Camden Kerbside,Nitrogen monoxide,NO
2023-12-31 11:00:00,3.368,4019,Camden Kerbside,Nitrogen monoxide,NO
2023-12-31 12:00:00,6.112,4019,Camden Kerbside,Nitrogen monoxide,NO
2023-12-31 13:00:00,4.615,4019,Camden Kerbside,Nitrogen monoxide,NO
2023-12-31 14:00:00,5.239,4019,Camden Kerbside,Nitrogen monoxide,NO
2023-12-31 15:00:00,5.363,4019,Camden Kerbside,Nitrogen monoxide,NO
2023-12-31 16:00:00,4.366,4019,Camden Kerbside,Nitrogen monoxide,NO
2023-12-31 17:00:00,5.363,4019,Camden Kerbside,Nitrogen monoxide,NO
2023-12-31 18:00:00,6.112,4019,Camden Kerbside,Nitrogen monoxide,NO
2023-12-31 19:00:00,4.366,4019,Camden Kerbside,Nitrogen monoxide,NO
2023-12-31 20:00:00,3.867,4019,Camden Kerbside,Nitrogen monoxide,NO
2023-12-31 21:00:00,3.368,4019,Camden Kerbside,Nitrogen monoxide,NO
2023-12-31 22:00:00,2.744,4019,Camden Kerbside,Nitrogen monoxide,NO
2023-12-31 23:00:00,2.12,4019,Camden Kerbside,Nitrogen monoxide,NO
