version https://git-lfs.github.com/spec/v1
oid sha256:5ba8868e3252e2b9390a9df5805515cd5b3b1c4bc04d88a02a4e5fb77140df81
size 84262
