timestamp,value,timeseries_id,station_name,pollutant_name,pollutant_std,latitude,longitude
2023-05-01 00:00:00,15.809,2122,London Harlington,Particulate matter less than 2.5 micro m,PM2.5,51.48879,-0.4416139999854361
2023-05-01 01:00:00,17.264,2122,London Harlington,Particulate matter less than 2.5 micro m,PM2.5,51.48879,-0.4416139999854361
2023-05-01 02:00:00,17.123,2122,London Harlington,Particulate matter less than 2.5 micro m,PM2.5,51.48879,-0.4416139999854361
2023-05-01 03:00:00,15.224,2122,London Harlington,Particulate matter less than 2.5 micro m,PM2.5,51.48879,-0.4416139999854361
2023-05-01 04:00:00,5.055,2122,London Harlington,Particulate matter less than 2.5 micro m,PM2.5,51.48879,-0.4416139999854361
2023-05-01 05:00:00,5.505,2122,London Harlington,Particulate matter less than 2.5 micro m,PM2.5,51.48879,-0.4416139999854361
2023-05-01 06:00:00,5.952,2122,London Harlington,Particulate matter less than 2.5 micro m,PM2.5,51.48879,-0.4416139999854361
2023-05-01 07:00:00,6.35,2122,London Harlington,Particulate matter less than 2.5 micro m,PM2.5,51.48879,-0.4416139999854361
2023-05-01 08:00:00,6.969,2122,London Harlington,Particulate matter less than 2.5 micro m,PM2.5,51.48879,-0.4416139999854361
2023-05-01 09:00:00,6.409,2122,London Harlington,Particulate matter less than 2.5 micro m,PM2.5,51.48879,-0.4416139999854361
2023-05-01 10:00:00,4.814,2122,London Harlington,Particulate matter less than 2.5 micro m,PM2.5,51.48879,-0.4416139999854361
2023-05-01 11:00:00,3.739,2122,London Harlington,Particulate matter less than 2.5 micro m,PM2.5,51.48879,-0.4416139999854361
2023-05-01 12:00:00,4.129,2122,London Harlington,Particulate matter less than 2.5 micro m,PM2.5,51.48879,-0.4416139999854361
2023-05-01 13:00:00,2.706,2122,London Harlington,Particulate matter less than 2.5 micro m,PM2.5,51.48879,-0.4416139999854361
2023-05-01 14:00:00,2.78,2122,London Harlington,Particulate matter less than 2.5 micro m,PM2.5,51.48879,-0.4416139999854361
2023-05-01 15:00:00,3.171,2122,London Harlington,Particulate matter less than 2.5 micro m,PM2.5,51.48879,-0.4416139999854361
2023-05-01 16:00:00,2.896,2122,London Harlington,Particulate matter less than 2.5 micro m,PM2.5,51.48879,-0.4416139999854361
2023-05-01 17:00:00,2.643,2122,London Harlington,Particulate matter less than 2.5 micro m,PM2.5,51.48879,-0.4416139999854361
2023-05-01 18:00:00,3.543,2122,London Harlington,Particulate matter less than 2.5 micro m,PM2.5,51.48879,-0.4416139999854361
2023-05-01 19:00:00,5.398,2122,London Harlington,Particulate matter less than 2.5 micro m,PM2.5,51.48879,-0.4416139999854361
2023-05-01 20:00:00,5.702,2122,London Harlington,Particulate matter less than 2.5 micro m,PM2.5,51.48879,-0.4416139999854361
2023-05-01 21:00:00,6.159,2122,London Harlington,Particulate matter less than 2.5 micro m,PM2.5,51.48879,-0.4416139999854361
2023-05-01 22:00:00,6.233,2122,London Harlington,Particulate matter less than 2.5 micro m,PM2.5,51.48879,-0.4416139999854361
2023-05-01 23:00:00,5.945,2122,London Harlington,Particulate matter less than 2.5 micro m,PM2.5,51.48879,-0.4416139999854361
2023-05-02 00:00:00,5.448,2122,London Harlington,Particulate matter less than 2.5 micro m,PM2.5,51.48879,-0.4416139999854361
2023-05-02 01:00:00,5.2,2122,London Harlington,Particulate matter less than 2.5 micro m,PM2.5,51.48879,-0.4416139999854361
2023-05-02 02:00:00,6.202,2122,London Harlington,Particulate matter less than 2.5 micro m,PM2.5,51.48879,-0.4416139999854361
2023-05-02 03:00:00,6.482,2122,London Harlington,Particulate matter less than 2.5 micro m,PM2.5,51.48879,-0.4416139999854361
2023-05-02 04:00:00,6.063,2122,London Harlington,Particulate matter less than 2.5 micro m,PM2.5,51.48879,-0.4416139999854361
2023-05-02 05:00:00,5.656,2122,London Harlington,Particulate matter less than 2.5 micro m,PM2.5,51.48879,-0.4416139999854361
2023-05-02 06:00:00,7.253,2122,London Harlington,Particulate matter less than 2.5 micro m,PM2.5,51.48879,-0.4416139999854361
2023-05-02 07:00:00,7.483,2122,London Harlington,Particulate matter less than 2.5 micro m,PM2.5,51.48879,-0.4416139999854361
2023-05-02 08:00:00,7.8,2122,London Harlington,Particulate matter less than 2.5 micro m,PM2.5,51.48879,-0.4416139999854361
2023-05-02 09:00:00,9.228,2122,London Harlington,Particulate matter less than 2.5 micro m,PM2.5,51.48879,-0.4416139999854361
2023-05-02 10:00:00,10.078,2122,London Harlington,Particulate matter less than 2.5 micro m,PM2.5,51.48879,-0.4416139999854361
2023-05-02 11:00:00,7.369,2122,London Harlington,Particulate matter less than 2.5 micro m,PM2.5,51.48879,-0.4416139999854361
2023-05-02 12:00:00,6.992,2122,London Harlington,Particulate matter less than 2.5 micro m,PM2.5,51.48879,-0.4416139999854361
2023-05-02 13:00:00,6.934,2122,London Harlington,Particulate matter less than 2.5 micro m,PM2.5,51.48879,-0.4416139999854361
2023-05-02 14:00:00,6.933,2122,London Harlington,Particulate matter less than 2.5 micro m,PM2.5,51.48879,-0.4416139999854361
2023-05-02 15:00:00,7.329,2122,London Harlington,Particulate matter less than 2.5 micro m,PM2.5,51.48879,-0.4416139999854361
2023-05-02 16:00:00,7.525,2122,London Harlington,Particulate matter less than 2.5 micro m,PM2.5,51.48879,-0.4416139999854361
2023-05-02 17:00:00,7.339,2122,London Harlington,Particulate matter less than 2.5 micro m,PM2.5,51.48879,-0.4416139999854361
2023-05-02 18:00:00,5.54,2122,London Harlington,Particulate matter less than 2.5 micro m,PM2.5,51.48879,-0.4416139999854361
2023-05-02 19:00:00,5.563,2122,London Harlington,Particulate matter less than 2.5 micro m,PM2.5,51.48879,-0.4416139999854361
2023-05-02 20:00:00,6.37,2122,London Harlington,Particulate matter less than 2.5 micro m,PM2.5,51.48879,-0.4416139999854361
2023-05-02 21:00:00,5.922,2122,London Harlington,Particulate matter less than 2.5 micro m,PM2.5,51.48879,-0.4416139999854361
2023-05-02 22:00:00,5.734,2122,London Harlington,Particulate matter less than 2.5 micro m,PM2.5,51.48879,-0.4416139999854361
2023-05-02 23:00:00,5.603,2122,London Harlington,Particulate matter less than 2.5 micro m,PM2.5,51.48879,-0.4416139999854361
2023-05-03 00:00:00,5.637,2122,London Harlington,Particulate matter less than 2.5 micro m,PM2.5,51.48879,-0.4416139999854361
2023-05-03 01:00:00,6.171,2122,London Harlington,Particulate matter less than 2.5 micro m,PM2.5,51.48879,-0.4416139999854361
2023-05-03 02:00:00,6.983,2122,London Harlington,Particulate matter less than 2.5 micro m,PM2.5,51.48879,-0.4416139999854361
2023-05-03 03:00:00,8.227,2122,London Harlington,Particulate matter less than 2.5 micro m,PM2.5,51.48879,-0.4416139999854361
2023-05-03 04:00:00,10.474,2122,London Harlington,Particulate matter less than 2.5 micro m,PM2.5,51.48879,-0.4416139999854361
2023-05-03 05:00:00,11.526,2122,London Harlington,Particulate matter less than 2.5 micro m,PM2.5,51.48879,-0.4416139999854361
2023-05-03 06:00:00,11.232,2122,London Harlington,Particulate matter less than 2.5 micro m,PM2.5,51.48879,-0.4416139999854361
2023-05-03 07:00:00,8.774,2122,London Harlington,Particulate matter less than 2.5 micro m,PM2.5,51.48879,-0.4416139999854361
2023-05-03 08:00:00,9.091,2122,London Harlington,Particulate matter less than 2.5 micro m,PM2.5,51.48879,-0.4416139999854361
2023-05-03 09:00:00,10.774,2122,London Harlington,Particulate matter less than 2.5 micro m,PM2.5,51.48879,-0.4416139999854361
2023-05-03 10:00:00,11.927,2122,London Harlington,Particulate matter less than 2.5 micro m,PM2.5,51.48879,-0.4416139999854361
2023-05-03 11:00:00,11.472,2122,London Harlington,Particulate matter less than 2.5 micro m,PM2.5,51.48879,-0.4416139999854361
2023-05-03 12:00:00,11.342,2122,London Harlington,Particulate matter less than 2.5 micro m,PM2.5,51.48879,-0.4416139999854361
2023-05-03 13:00:00,12.639,2122,London Harlington,Particulate matter less than 2.5 micro m,PM2.5,51.48879,-0.4416139999854361
2023-05-03 14:00:00,13.021,2122,London Harlington,Particulate matter less than 2.5 micro m,PM2.5,51.48879,-0.4416139999854361
2023-05-03 15:00:00,11.033,2122,London Harlington,Particulate matter less than 2.5 micro m,PM2.5,51.48879,-0.4416139999854361
2023-05-03 16:00:00,8.863,2122,London Harlington,Particulate matter less than 2.5 micro m,PM2.5,51.48879,-0.4416139999854361
2023-05-03 17:00:00,7.669,2122,London Harlington,Particulate matter less than 2.5 micro m,PM2.5,51.48879,-0.4416139999854361
2023-05-03 18:00:00,11.354,2122,London Harlington,Particulate matter less than 2.5 micro m,PM2.5,51.48879,-0.4416139999854361
2023-05-03 19:00:00,12.583,2122,London Harlington,Particulate matter less than 2.5 micro m,PM2.5,51.48879,-0.4416139999854361
2023-05-03 20:00:00,11.663,2122,London Harlington,Particulate matter less than 2.5 micro m,PM2.5,51.48879,-0.4416139999854361
2023-05-03 21:00:00,11.123,2122,London Harlington,Particulate matter less than 2.5 micro m,PM2.5,51.48879,-0.4416139999854361
2023-05-03 22:00:00,11.05,2122,London Harlington,Particulate matter less than 2.5 micro m,PM2.5,51.48879,-0.4416139999854361
2023-05-03 23:00:00,12.017,2122,London Harlington,Particulate matter less than 2.5 micro m,PM2.5,51.48879,-0.4416139999854361
2023-05-04 00:00:00,13.276,2122,London Harlington,Particulate matter less than 2.5 micro m,PM2.5,51.48879,-0.4416139999854361
2023-05-04 01:00:00,19.059,2122,London Harlington,Particulate matter less than 2.5 micro m,PM2.5,51.48879,-0.4416139999854361
2023-05-04 02:00:00,16.972,2122,London Harlington,Particulate matter less than 2.5 micro m,PM2.5,51.48879,-0.4416139999854361
2023-05-04 03:00:00,19.807,2122,London Harlington,Particulate matter less than 2.5 micro m,PM2.5,51.48879,-0.4416139999854361
2023-05-04 04:00:00,23.073,2122,London Harlington,Particulate matter less than 2.5 micro m,PM2.5,51.48879,-0.4416139999854361
2023-05-04 05:00:00,19.193,2122,London Harlington,Particulate matter less than 2.5 micro m,PM2.5,51.48879,-0.4416139999854361
2023-05-04 06:00:00,20.307,2122,London Harlington,Particulate matter less than 2.5 micro m,PM2.5,51.48879,-0.4416139999854361
2023-05-04 07:00:00,20.071,2122,London Harlington,Particulate matter less than 2.5 micro m,PM2.5,51.48879,-0.4416139999854361
2023-05-04 08:00:00,20.064,2122,London Harlington,Particulate matter less than 2.5 micro m,PM2.5,51.48879,-0.4416139999854361
2023-05-04 09:00:00,18.896,2122,London Harlington,Particulate matter less than 2.5 micro m,PM2.5,51.48879,-0.4416139999854361
2023-05-04 10:00:00,17.337,2122,London Harlington,Particulate matter less than 2.5 micro m,PM2.5,51.48879,-0.4416139999854361
2023-05-04 11:00:00,15.795,2122,London Harlington,Particulate matter less than 2.5 micro m,PM2.5,51.48879,-0.4416139999854361
2023-05-04 12:00:00,16.149,2122,London Harlington,Particulate matter less than 2.5 micro m,PM2.5,51.48879,-0.4416139999854361
2023-05-04 13:00:00,20.505,2122,London Harlington,Particulate matter less than 2.5 micro m,PM2.5,51.48879,-0.4416139999854361
2023-05-04 14:00:00,25.139,2122,London Harlington,Particulate matter less than 2.5 micro m,PM2.5,51.48879,-0.4416139999854361
2023-05-04 15:00:00,24.415,2122,London Harlington,Particulate matter less than 2.5 micro m,PM2.5,51.48879,-0.4416139999854361
2023-05-04 16:00:00,9.321,2122,London Harlington,Particulate matter less than 2.5 micro m,PM2.5,51.48879,-0.4416139999854361
2023-05-04 17:00:00,6.617,2122,London Harlington,Particulate matter less than 2.5 micro m,PM2.5,51.48879,-0.4416139999854361
2023-05-04 18:00:00,3.64,2122,London Harlington,Particulate matter less than 2.5 micro m,PM2.5,51.48879,-0.4416139999854361
2023-05-04 19:00:00,1.984,2122,London Harlington,Particulate matter less than 2.5 micro m,PM2.5,51.48879,-0.4416139999854361
2023-05-04 20:00:00,2.158,2122,London Harlington,Particulate matter less than 2.5 micro m,PM2.5,51.48879,-0.4416139999854361
2023-05-04 21:00:00,2.157,2122,London Harlington,Particulate matter less than 2.5 micro m,PM2.5,51.48879,-0.4416139999854361
2023-05-04 22:00:00,2.453,2122,London Harlington,Particulate matter less than 2.5 micro m,PM2.5,51.48879,-0.4416139999854361
2023-05-04 23:00:00,2.324,2122,London Harlington,Particulate matter less than 2.5 micro m,PM2.5,51.48879,-0.4416139999854361
2023-05-05 00:00:00,2.886,2122,London Harlington,Particulate matter less than 2.5 micro m,PM2.5,51.48879,-0.4416139999854361
2023-05-05 01:00:00,4.044,2122,London Harlington,Particulate matter less than 2.5 micro m,PM2.5,51.48879,-0.4416139999854361
2023-05-05 02:00:00,6.61,2122,London Harlington,Particulate matter less than 2.5 micro m,PM2.5,51.48879,-0.4416139999854361
2023-05-05 03:00:00,6.8,2122,London Harlington,Particulate matter less than 2.5 micro m,PM2.5,51.48879,-0.4416139999854361
2023-05-05 04:00:00,5.665,2122,London Harlington,Particulate matter less than 2.5 micro m,PM2.5,51.48879,-0.4416139999854361
2023-05-05 05:00:00,6.655,2122,London Harlington,Particulate matter less than 2.5 micro m,PM2.5,51.48879,-0.4416139999854361
2023-05-05 06:00:00,7.326,2122,London Harlington,Particulate matter less than 2.5 micro m,PM2.5,51.48879,-0.4416139999854361
2023-05-05 07:00:00,4.503,2122,London Harlington,Particulate matter less than 2.5 micro m,PM2.5,51.48879,-0.4416139999854361
2023-05-05 08:00:00,4.308,2122,London Harlington,Particulate matter less than 2.5 micro m,PM2.5,51.48879,-0.4416139999854361
2023-05-05 09:00:00,3.939,2122,London Harlington,Particulate matter less than 2.5 micro m,PM2.5,51.48879,-0.4416139999854361
2023-05-05 10:00:00,4.922,2122,London Harlington,Particulate matter less than 2.5 micro m,PM2.5,51.48879,-0.4416139999854361
2023-05-05 11:00:00,3.716,2122,London Harlington,Particulate matter less than 2.5 micro m,PM2.5,51.48879,-0.4416139999854361
2023-05-05 12:00:00,3.838,2122,London Harlington,Particulate matter less than 2.5 micro m,PM2.5,51.48879,-0.4416139999854361
2023-05-05 13:00:00,3.75,2122,London Harlington,Particulate matter less than 2.5 micro m,PM2.5,51.48879,-0.4416139999854361
2023-05-05 14:00:00,4.642,2122,London Harlington,Particulate matter less than 2.5 micro m,PM2.5,51.48879,-0.4416139999854361
2023-05-05 15:00:00,4.776,2122,London Harlington,Particulate matter less than 2.5 micro m,PM2.5,51.48879,-0.4416139999854361
2023-05-05 16:00:00,5.55,2122,London Harlington,Particulate matter less than 2.5 micro m,PM2.5,51.48879,-0.4416139999854361
2023-05-05 17:00:00,6.152,2122,London Harlington,Particulate matter less than 2.5 micro m,PM2.5,51.48879,-0.4416139999854361
2023-05-05 18:00:00,5.656,2122,London Harlington,Particulate matter less than 2.5 micro m,PM2.5,51.48879,-0.4416139999854361
2023-05-05 19:00:00,4.98,2122,London Harlington,Particulate matter less than 2.5 micro m,PM2.5,51.48879,-0.4416139999854361
2023-05-05 20:00:00,6.471,2122,London Harlington,Particulate matter less than 2.5 micro m,PM2.5,51.48879,-0.4416139999854361
2023-05-05 21:00:00,7.531,2122,London Harlington,Particulate matter less than 2.5 micro m,PM2.5,51.48879,-0.4416139999854361
2023-05-05 22:00:00,7.245,2122,London Harlington,Particulate matter less than 2.5 micro m,PM2.5,51.48879,-0.4416139999854361
2023-05-05 23:00:00,7.36,2122,London Harlington,Particulate matter less than 2.5 micro m,PM2.5,51.48879,-0.4416139999854361
2023-05-06 00:00:00,7.041,2122,London Harlington,Particulate matter less than 2.5 micro m,PM2.5,51.48879,-0.4416139999854361
2023-05-06 01:00:00,6.921,2122,London Harlington,Particulate matter less than 2.5 micro m,PM2.5,51.48879,-0.4416139999854361
2023-05-06 02:00:00,7.98,2122,London Harlington,Particulate matter less than 2.5 micro m,PM2.5,51.48879,-0.4416139999854361
2023-05-06 03:00:00,8.629,2122,London Harlington,Particulate matter less than 2.5 micro m,PM2.5,51.48879,-0.4416139999854361
2023-05-06 04:00:00,8.839,2122,London Harlington,Particulate matter less than 2.5 micro m,PM2.5,51.48879,-0.4416139999854361
2023-05-06 05:00:00,9.339,2122,London Harlington,Particulate matter less than 2.5 micro m,PM2.5,51.48879,-0.4416139999854361
2023-05-06 06:00:00,9.558,2122,London Harlington,Particulate matter less than 2.5 micro m,PM2.5,51.48879,-0.4416139999854361
2023-05-06 07:00:00,9.287,2122,London Harlington,Particulate matter less than 2.5 micro m,PM2.5,51.48879,-0.4416139999854361
2023-05-06 08:00:00,9.316,2122,London Harlington,Particulate matter less than 2.5 micro m,PM2.5,51.48879,-0.4416139999854361
2023-05-06 09:00:00,6.71,2122,London Harlington,Particulate matter less than 2.5 micro m,PM2.5,51.48879,-0.4416139999854361
2023-05-06 10:00:00,4.234,2122,London Harlington,Particulate matter less than 2.5 micro m,PM2.5,51.48879,-0.4416139999854361
2023-05-06 11:00:00,2.696,2122,London Harlington,Particulate matter less than 2.5 micro m,PM2.5,51.48879,-0.4416139999854361
2023-05-06 12:00:00,1.567,2122,London Harlington,Particulate matter less than 2.5 micro m,PM2.5,51.48879,-0.4416139999854361
2023-05-06 13:00:00,1.549,2122,London Harlington,Particulate matter less than 2.5 micro m,PM2.5,51.48879,-0.4416139999854361
2023-05-06 14:00:00,1.425,2122,London Harlington,Particulate matter less than 2.5 micro m,PM2.5,51.48879,-0.4416139999854361
2023-05-06 15:00:00,2.171,2122,London Harlington,Particulate matter less than 2.5 micro m,PM2.5,51.48879,-0.4416139999854361
2023-05-06 16:00:00,1.924,2122,London Harlington,Particulate matter less than 2.5 micro m,PM2.5,51.48879,-0.4416139999854361
2023-05-06 17:00:00,2.783,2122,London Harlington,Particulate matter less than 2.5 micro m,PM2.5,51.48879,-0.4416139999854361
2023-05-06 18:00:00,3.627,2122,London Harlington,Particulate matter less than 2.5 micro m,PM2.5,51.48879,-0.4416139999854361
2023-05-06 19:00:00,4.97,2122,London Harlington,Particulate matter less than 2.5 micro m,PM2.5,51.48879,-0.4416139999854361
2023-05-06 20:00:00,3.436,2122,London Harlington,Particulate matter less than 2.5 micro m,PM2.5,51.48879,-0.4416139999854361
2023-05-06 21:00:00,4.369,2122,London Harlington,Particulate matter less than 2.5 micro m,PM2.5,51.48879,-0.4416139999854361
2023-05-06 22:00:00,5.507,2122,London Harlington,Particulate matter less than 2.5 micro m,PM2.5,51.48879,-0.4416139999854361
2023-05-06 23:00:00,4.862,2122,London Harlington,Particulate matter less than 2.5 micro m,PM2.5,51.48879,-0.4416139999854361
2023-05-07 00:00:00,5.845,2122,London Harlington,Particulate matter less than 2.5 micro m,PM2.5,51.48879,-0.4416139999854361
2023-05-07 01:00:00,8.13,2122,London Harlington,Particulate matter less than 2.5 micro m,PM2.5,51.48879,-0.4416139999854361
2023-05-07 02:00:00,8.446,2122,London Harlington,Particulate matter less than 2.5 micro m,PM2.5,51.48879,-0.4416139999854361
2023-05-07 03:00:00,6.484,2122,London Harlington,Particulate matter less than 2.5 micro m,PM2.5,51.48879,-0.4416139999854361
2023-05-07 04:00:00,6.676,2122,London Harlington,Particulate matter less than 2.5 micro m,PM2.5,51.48879,-0.4416139999854361
2023-05-07 05:00:00,6.975,2122,London Harlington,Particulate matter less than 2.5 micro m,PM2.5,51.48879,-0.4416139999854361
2023-05-07 06:00:00,7.378,2122,London Harlington,Particulate matter less than 2.5 micro m,PM2.5,51.48879,-0.4416139999854361
2023-05-07 07:00:00,6.023,2122,London Harlington,Particulate matter less than 2.5 micro m,PM2.5,51.48879,-0.4416139999854361
2023-05-07 08:00:00,5.589,2122,London Harlington,Particulate matter less than 2.5 micro m,PM2.5,51.48879,-0.4416139999854361
2023-05-07 09:00:00,5.634,2122,London Harlington,Particulate matter less than 2.5 micro m,PM2.5,51.48879,-0.4416139999854361
2023-05-07 10:00:00,5.493,2122,London Harlington,Particulate matter less than 2.5 micro m,PM2.5,51.48879,-0.4416139999854361
2023-05-07 11:00:00,5.455,2122,London Harlington,Particulate matter less than 2.5 micro m,PM2.5,51.48879,-0.4416139999854361
2023-05-07 12:00:00,5.246,2122,London Harlington,Particulate matter less than 2.5 micro m,PM2.5,51.48879,-0.4416139999854361
2023-05-07 13:00:00,5.396,2122,London Harlington,Particulate matter less than 2.5 micro m,PM2.5,51.48879,-0.4416139999854361
2023-05-07 14:00:00,3.575,2122,London Harlington,Particulate matter less than 2.5 micro m,PM2.5,51.48879,-0.4416139999854361
2023-05-07 15:00:00,3.493,2122,London Harlington,Particulate matter less than 2.5 micro m,PM2.5,51.48879,-0.4416139999854361
2023-05-07 16:00:00,4.002,2122,London Harlington,Particulate matter less than 2.5 micro m,PM2.5,51.48879,-0.4416139999854361
2023-05-07 17:00:00,3.574,2122,London Harlington,Particulate matter less than 2.5 micro m,PM2.5,51.48879,-0.4416139999854361
2023-05-07 18:00:00,4.153,2122,London Harlington,Particulate matter less than 2.5 micro m,PM2.5,51.48879,-0.4416139999854361
2023-05-07 19:00:00,5.628,2122,London Harlington,Particulate matter less than 2.5 micro m,PM2.5,51.48879,-0.4416139999854361
2023-05-07 20:00:00,7.696,2122,London Harlington,Particulate matter less than 2.5 micro m,PM2.5,51.48879,-0.4416139999854361
2023-05-07 21:00:00,10.568,2122,London Harlington,Particulate matter less than 2.5 micro m,PM2.5,51.48879,-0.4416139999854361
2023-05-07 22:00:00,9.434,2122,London Harlington,Particulate matter less than 2.5 micro m,PM2.5,51.48879,-0.4416139999854361
2023-05-07 23:00:00,10.736,2122,London Harlington,Particulate matter less than 2.5 micro m,PM2.5,51.48879,-0.4416139999854361
2023-05-08 00:00:00,11.361,2122,London Harlington,Particulate matter less than 2.5 micro m,PM2.5,51.48879,-0.4416139999854361
2023-05-08 01:00:00,9.905,2122,London Harlington,Particulate matter less than 2.5 micro m,PM2.5,51.48879,-0.4416139999854361
2023-05-08 02:00:00,8.305,2122,London Harlington,Particulate matter less than 2.5 micro m,PM2.5,51.48879,-0.4416139999854361
2023-05-08 03:00:00,7.482,2122,London Harlington,Particulate matter less than 2.5 micro m,PM2.5,51.48879,-0.4416139999854361
2023-05-08 04:00:00,7.202,2122,London Harlington,Particulate matter less than 2.5 micro m,PM2.5,51.48879,-0.4416139999854361
2023-05-08 05:00:00,5.942,2122,London Harlington,Particulate matter less than 2.5 micro m,PM2.5,51.48879,-0.4416139999854361
2023-05-08 06:00:00,5.298,2122,London Harlington,Particulate matter less than 2.5 micro m,PM2.5,51.48879,-0.4416139999854361
2023-05-08 07:00:00,7.876,2122,London Harlington,Particulate matter less than 2.5 micro m,PM2.5,51.48879,-0.4416139999854361
2023-05-08 08:00:00,6.745,2122,London Harlington,Particulate matter less than 2.5 micro m,PM2.5,51.48879,-0.4416139999854361
2023-05-08 09:00:00,4.894,2122,London Harlington,Particulate matter less than 2.5 micro m,PM2.5,51.48879,-0.4416139999854361
2023-05-08 10:00:00,3.368,2122,London Harlington,Particulate matter less than 2.5 micro m,PM2.5,51.48879,-0.4416139999854361
2023-05-08 11:00:00,2.35,2122,London Harlington,Particulate matter less than 2.5 micro m,PM2.5,51.48879,-0.4416139999854361
2023-05-08 12:00:00,1.923,2122,London Harlington,Particulate matter less than 2.5 micro m,PM2.5,51.48879,-0.4416139999854361
2023-05-08 13:00:00,2.157,2122,London Harlington,Particulate matter less than 2.5 micro m,PM2.5,51.48879,-0.4416139999854361
2023-05-08 14:00:00,2.383,2122,London Harlington,Particulate matter less than 2.5 micro m,PM2.5,51.48879,-0.4416139999854361
2023-05-08 15:00:00,2.451,2122,London Harlington,Particulate matter less than 2.5 micro m,PM2.5,51.48879,-0.4416139999854361
2023-05-08 16:00:00,2.076,2122,London Harlington,Particulate matter less than 2.5 micro m,PM2.5,51.48879,-0.4416139999854361
2023-05-08 17:00:00,2.014,2122,London Harlington,Particulate matter less than 2.5 micro m,PM2.5,51.48879,-0.4416139999854361
2023-05-08 18:00:00,1.955,2122,London Harlington,Particulate matter less than 2.5 micro m,PM2.5,51.48879,-0.4416139999854361
2023-05-08 19:00:00,3.183,2122,London Harlington,Particulate matter less than 2.5 micro m,PM2.5,51.48879,-0.4416139999854361
2023-05-08 20:00:00,4.372,2122,London Harlington,Particulate matter less than 2.5 micro m,PM2.5,51.48879,-0.4416139999854361
2023-05-08 21:00:00,5.503,2122,London Harlington,Particulate matter less than 2.5 micro m,PM2.5,51.48879,-0.4416139999854361
2023-05-08 22:00:00,3.379,2122,London Harlington,Particulate matter less than 2.5 micro m,PM2.5,51.48879,-0.4416139999854361
2023-05-08 23:00:00,2.991,2122,London Harlington,Particulate matter less than 2.5 micro m,PM2.5,51.48879,-0.4416139999854361
2023-05-09 00:00:00,1.206,2122,London Harlington,Particulate matter less than 2.5 micro m,PM2.5,51.48879,-0.4416139999854361
2023-05-09 01:00:00,0.786,2122,London Harlington,Particulate matter less than 2.5 micro m,PM2.5,51.48879,-0.4416139999854361
2023-05-09 02:00:00,0.97,2122,London Harlington,Particulate matter less than 2.5 micro m,PM2.5,51.48879,-0.4416139999854361
2023-05-09 03:00:00,1.571,2122,London Harlington,Particulate matter less than 2.5 micro m,PM2.5,51.48879,-0.4416139999854361
2023-05-09 04:00:00,3.156,2122,London Harlington,Particulate matter less than 2.5 micro m,PM2.5,51.48879,-0.4416139999854361
2023-05-09 05:00:00,4.382,2122,London Harlington,Particulate matter less than 2.5 micro m,PM2.5,51.48879,-0.4416139999854361
2023-05-09 06:00:00,4.059,2122,London Harlington,Particulate matter less than 2.5 micro m,PM2.5,51.48879,-0.4416139999854361
2023-05-09 07:00:00,4.113,2122,London Harlington,Particulate matter less than 2.5 micro m,PM2.5,51.48879,-0.4416139999854361
2023-05-09 08:00:00,3.712,2122,London Harlington,Particulate matter less than 2.5 micro m,PM2.5,51.48879,-0.4416139999854361
2023-05-09 09:00:00,3.968,2122,London Harlington,Particulate matter less than 2.5 micro m,PM2.5,51.48879,-0.4416139999854361
2023-05-09 10:00:00,5.578,2122,London Harlington,Particulate matter less than 2.5 micro m,PM2.5,51.48879,-0.4416139999854361
2023-05-09 11:00:00,5.661,2122,London Harlington,Particulate matter less than 2.5 micro m,PM2.5,51.48879,-0.4416139999854361
2023-05-09 12:00:00,5.29,2122,London Harlington,Particulate matter less than 2.5 micro m,PM2.5,51.48879,-0.4416139999854361
2023-05-09 13:00:00,5.188,2122,London Harlington,Particulate matter less than 2.5 micro m,PM2.5,51.48879,-0.4416139999854361
2023-05-09 14:00:00,5.309,2122,London Harlington,Particulate matter less than 2.5 micro m,PM2.5,51.48879,-0.4416139999854361
2023-05-09 15:00:00,3.905,2122,London Harlington,Particulate matter less than 2.5 micro m,PM2.5,51.48879,-0.4416139999854361
2023-05-09 16:00:00,2.421,2122,London Harlington,Particulate matter less than 2.5 micro m,PM2.5,51.48879,-0.4416139999854361
2023-05-09 17:00:00,2.574,2122,London Harlington,Particulate matter less than 2.5 micro m,PM2.5,51.48879,-0.4416139999854361
2023-05-09 18:00:00,3.757,2122,London Harlington,Particulate matter less than 2.5 micro m,PM2.5,51.48879,-0.4416139999854361
2023-05-09 19:00:00,3.586,2122,London Harlington,Particulate matter less than 2.5 micro m,PM2.5,51.48879,-0.4416139999854361
2023-05-09 20:00:00,2.612,2122,London Harlington,Particulate matter less than 2.5 micro m,PM2.5,51.48879,-0.4416139999854361
2023-05-09 21:00:00,2.479,2122,London Harlington,Particulate matter less than 2.5 micro m,PM2.5,51.48879,-0.4416139999854361
2023-05-09 22:00:00,2.543,2122,London Harlington,Particulate matter less than 2.5 micro m,PM2.5,51.48879,-0.4416139999854361
2023-05-09 23:00:00,3.187,2122,London Harlington,Particulate matter less than 2.5 micro m,PM2.5,51.48879,-0.4416139999854361
2023-05-10 00:00:00,4.017,2122,London Harlington,Particulate matter less than 2.5 micro m,PM2.5,51.48879,-0.4416139999854361
2023-05-10 01:00:00,4.664,2122,London Harlington,Particulate matter less than 2.5 micro m,PM2.5,51.48879,-0.4416139999854361
2023-05-10 02:00:00,5.693,2122,London Harlington,Particulate matter less than 2.5 micro m,PM2.5,51.48879,-0.4416139999854361
2023-05-10 03:00:00,6.233,2122,London Harlington,Particulate matter less than 2.5 micro m,PM2.5,51.48879,-0.4416139999854361
2023-05-10 04:00:00,8.373,2122,London Harlington,Particulate matter less than 2.5 micro m,PM2.5,51.48879,-0.4416139999854361
2023-05-10 05:00:00,7.901,2122,London Harlington,Particulate matter less than 2.5 micro m,PM2.5,51.48879,-0.4416139999854361
2023-05-10 06:00:00,7.217,2122,London Harlington,Particulate matter less than 2.5 micro m,PM2.5,51.48879,-0.4416139999854361
2023-05-10 07:00:00,7.344,2122,London Harlington,Particulate matter less than 2.5 micro m,PM2.5,51.48879,-0.4416139999854361
2023-05-10 08:00:00,8.443,2122,London Harlington,Particulate matter less than 2.5 micro m,PM2.5,51.48879,-0.4416139999854361
2023-05-10 09:00:00,9.397,2122,London Harlington,Particulate matter less than 2.5 micro m,PM2.5,51.48879,-0.4416139999854361
2023-05-10 10:00:00,6.587,2122,London Harlington,Particulate matter less than 2.5 micro m,PM2.5,51.48879,-0.4416139999854361
2023-05-10 11:00:00,6.026,2122,London Harlington,Particulate matter less than 2.5 micro m,PM2.5,51.48879,-0.4416139999854361
2023-05-10 12:00:00,6.256,2122,London Harlington,Particulate matter less than 2.5 micro m,PM2.5,51.48879,-0.4416139999854361
2023-05-10 13:00:00,3.143,2122,London Harlington,Particulate matter less than 2.5 micro m,PM2.5,51.48879,-0.4416139999854361
2023-05-10 14:00:00,3.221,2122,London Harlington,Particulate matter less than 2.5 micro m,PM2.5,51.48879,-0.4416139999854361
2023-05-10 15:00:00,3.745,2122,London Harlington,Particulate matter less than 2.5 micro m,PM2.5,51.48879,-0.4416139999854361
2023-05-10 16:00:00,3.803,2122,London Harlington,Particulate matter less than 2.5 micro m,PM2.5,51.48879,-0.4416139999854361
2023-05-10 17:00:00,4.178,2122,London Harlington,Particulate matter less than 2.5 micro m,PM2.5,51.48879,-0.4416139999854361
2023-05-10 18:00:00,8.863,2122,London Harlington,Particulate matter less than 2.5 micro m,PM2.5,51.48879,-0.4416139999854361
2023-05-10 19:00:00,3.384,2122,London Harlington,Particulate matter less than 2.5 micro m,PM2.5,51.48879,-0.4416139999854361
2023-05-10 20:00:00,2.668,2122,London Harlington,Particulate matter less than 2.5 micro m,PM2.5,51.48879,-0.4416139999854361
2023-05-10 21:00:00,2.981,2122,London Harlington,Particulate matter less than 2.5 micro m,PM2.5,51.48879,-0.4416139999854361
2023-05-10 22:00:00,3.414,2122,London Harlington,Particulate matter less than 2.5 micro m,PM2.5,51.48879,-0.4416139999854361
2023-05-10 23:00:00,3.057,2122,London Harlington,Particulate matter less than 2.5 micro m,PM2.5,51.48879,-0.4416139999854361
2023-05-11 00:00:00,3.302,2122,London Harlington,Particulate matter less than 2.5 micro m,PM2.5,51.48879,-0.4416139999854361
2023-05-11 01:00:00,4.078,2122,London Harlington,Particulate matter less than 2.5 micro m,PM2.5,51.48879,-0.4416139999854361
2023-05-11 02:00:00,5.009,2122,London Harlington,Particulate matter less than 2.5 micro m,PM2.5,51.48879,-0.4416139999854361
2023-05-11 03:00:00,5.721,2122,London Harlington,Particulate matter less than 2.5 micro m,PM2.5,51.48879,-0.4416139999854361
2023-05-11 04:00:00,6.139,2122,London Harlington,Particulate matter less than 2.5 micro m,PM2.5,51.48879,-0.4416139999854361
2023-05-11 05:00:00,7.667,2122,London Harlington,Particulate matter less than 2.5 micro m,PM2.5,51.48879,-0.4416139999854361
2023-05-11 06:00:00,9.943,2122,London Harlington,Particulate matter less than 2.5 micro m,PM2.5,51.48879,-0.4416139999854361
2023-05-11 07:00:00,11.111,2122,London Harlington,Particulate matter less than 2.5 micro m,PM2.5,51.48879,-0.4416139999854361
2023-05-11 08:00:00,8.764,2122,London Harlington,Particulate matter less than 2.5 micro m,PM2.5,51.48879,-0.4416139999854361
2023-05-11 09:00:00,6.771,2122,London Harlington,Particulate matter less than 2.5 micro m,PM2.5,51.48879,-0.4416139999854361
2023-05-11 10:00:00,4.973,2122,London Harlington,Particulate matter less than 2.5 micro m,PM2.5,51.48879,-0.4416139999854361
2023-05-11 11:00:00,3.504,2122,London Harlington,Particulate matter less than 2.5 micro m,PM2.5,51.48879,-0.4416139999854361
2023-05-11 12:00:00,3.271,2122,London Harlington,Particulate matter less than 2.5 micro m,PM2.5,51.48879,-0.4416139999854361
2023-05-11 13:00:00,3.681,2122,London Harlington,Particulate matter less than 2.5 micro m,PM2.5,51.48879,-0.4416139999854361
2023-05-11 14:00:00,3.867,2122,London Harlington,Particulate matter less than 2.5 micro m,PM2.5,51.48879,-0.4416139999854361
2023-05-11 15:00:00,3.463,2122,London Harlington,Particulate matter less than 2.5 micro m,PM2.5,51.48879,-0.4416139999854361
2023-05-11 16:00:00,2.667,2122,London Harlington,Particulate matter less than 2.5 micro m,PM2.5,51.48879,-0.4416139999854361
2023-05-11 17:00:00,2.72,2122,London Harlington,Particulate matter less than 2.5 micro m,PM2.5,51.48879,-0.4416139999854361
2023-05-11 18:00:00,2.337,2122,London Harlington,Particulate matter less than 2.5 micro m,PM2.5,51.48879,-0.4416139999854361
2023-05-11 19:00:00,3.199,2122,London Harlington,Particulate matter less than 2.5 micro m,PM2.5,51.48879,-0.4416139999854361
2023-05-11 20:00:00,5.27,2122,London Harlington,Particulate matter less than 2.5 micro m,PM2.5,51.48879,-0.4416139999854361
2023-05-11 21:00:00,3.487,2122,London Harlington,Particulate matter less than 2.5 micro m,PM2.5,51.48879,-0.4416139999854361
2023-05-11 22:00:00,2.534,2122,London Harlington,Particulate matter less than 2.5 micro m,PM2.5,51.48879,-0.4416139999854361
2023-05-11 23:00:00,3.281,2122,London Harlington,Particulate matter less than 2.5 micro m,PM2.5,51.48879,-0.4416139999854361
2023-05-12 00:00:00,3.6,2122,London Harlington,Particulate matter less than 2.5 micro m,PM2.5,51.48879,-0.4416139999854361
2023-05-12 01:00:00,4.206,2122,London Harlington,Particulate matter less than 2.5 micro m,PM2.5,51.48879,-0.4416139999854361
2023-05-12 02:00:00,7.771,2122,London Harlington,Particulate matter less than 2.5 micro m,PM2.5,51.48879,-0.4416139999854361
2023-05-12 03:00:00,10.505,2122,London Harlington,Particulate matter less than 2.5 micro m,PM2.5,51.48879,-0.4416139999854361
2023-05-12 04:00:00,10.16,2122,London Harlington,Particulate matter less than 2.5 micro m,PM2.5,51.48879,-0.4416139999854361
2023-05-12 05:00:00,8.825,2122,London Harlington,Particulate matter less than 2.5 micro m,PM2.5,51.48879,-0.4416139999854361
2023-05-12 06:00:00,7.418,2122,London Harlington,Particulate matter less than 2.5 micro m,PM2.5,51.48879,-0.4416139999854361
2023-05-12 07:00:00,7.183,2122,London Harlington,Particulate matter less than 2.5 micro m,PM2.5,51.48879,-0.4416139999854361
2023-05-12 08:00:00,6.284,2122,London Harlington,Particulate matter less than 2.5 micro m,PM2.5,51.48879,-0.4416139999854361
2023-05-12 09:00:00,5.371,2122,London Harlington,Particulate matter less than 2.5 micro m,PM2.5,51.48879,-0.4416139999854361
2023-05-12 10:00:00,5.769,2122,London Harlington,Particulate matter less than 2.5 micro m,PM2.5,51.48879,-0.4416139999854361
2023-05-12 11:00:00,3.133,2122,London Harlington,Particulate matter less than 2.5 micro m,PM2.5,51.48879,-0.4416139999854361
2023-05-12 12:00:00,3.093,2122,London Harlington,Particulate matter less than 2.5 micro m,PM2.5,51.48879,-0.4416139999854361
2023-05-12 13:00:00,4.582,2122,London Harlington,Particulate matter less than 2.5 micro m,PM2.5,51.48879,-0.4416139999854361
2023-05-12 14:00:00,9.414,2122,London Harlington,Particulate matter less than 2.5 micro m,PM2.5,51.48879,-0.4416139999854361
2023-05-12 15:00:00,9.397,2122,London Harlington,Particulate matter less than 2.5 micro m,PM2.5,51.48879,-0.4416139999854361
2023-05-12 16:00:00,9.007,2122,London Harlington,Particulate matter less than 2.5 micro m,PM2.5,51.48879,-0.4416139999854361
2023-05-12 17:00:00,10.642,2122,London Harlington,Particulate matter less than 2.5 micro m,PM2.5,51.48879,-0.4416139999854361
2023-05-12 18:00:00,10.894,2122,London Harlington,Particulate matter less than 2.5 micro m,PM2.5,51.48879,-0.4416139999854361
2023-05-12 19:00:00,10.583,2122,London Harlington,Particulate matter less than 2.5 micro m,PM2.5,51.48879,-0.4416139999854361
2023-05-12 20:00:00,10.774,2122,London Harlington,Particulate matter less than 2.5 micro m,PM2.5,51.48879,-0.4416139999854361
2023-05-12 21:00:00,11.337,2122,London Harlington,Particulate matter less than 2.5 micro m,PM2.5,51.48879,-0.4416139999854361
2023-05-12 22:00:00,10.729,2122,London Harlington,Particulate matter less than 2.5 micro m,PM2.5,51.48879,-0.4416139999854361
2023-05-12 23:00:00,9.213,2122,London Harlington,Particulate matter less than 2.5 micro m,PM2.5,51.48879,-0.4416139999854361
2023-05-13 00:00:00,8.9,2122,London Harlington,Particulate matter less than 2.5 micro m,PM2.5,51.48879,-0.4416139999854361
2023-05-13 01:00:00,8.65,2122,London Harlington,Particulate matter less than 2.5 micro m,PM2.5,51.48879,-0.4416139999854361
2023-05-13 02:00:00,8.258,2122,London Harlington,Particulate matter less than 2.5 micro m,PM2.5,51.48879,-0.4416139999854361
2023-05-13 03:00:00,8.441,2122,London Harlington,Particulate matter less than 2.5 micro m,PM2.5,51.48879,-0.4416139999854361
2023-05-13 04:00:00,7.536,2122,London Harlington,Particulate matter less than 2.5 micro m,PM2.5,51.48879,-0.4416139999854361
2023-05-13 05:00:00,6.6,2122,London Harlington,Particulate matter less than 2.5 micro m,PM2.5,51.48879,-0.4416139999854361
2023-05-13 06:00:00,6.247,2122,London Harlington,Particulate matter less than 2.5 micro m,PM2.5,51.48879,-0.4416139999854361
2023-05-13 07:00:00,6.573,2122,London Harlington,Particulate matter less than 2.5 micro m,PM2.5,51.48879,-0.4416139999854361
2023-05-13 08:00:00,6.815,2122,London Harlington,Particulate matter less than 2.5 micro m,PM2.5,51.48879,-0.4416139999854361
2023-05-13 09:00:00,7.075,2122,London Harlington,Particulate matter less than 2.5 micro m,PM2.5,51.48879,-0.4416139999854361
2023-05-13 10:00:00,7.499,2122,London Harlington,Particulate matter less than 2.5 micro m,PM2.5,51.48879,-0.4416139999854361
2023-05-13 11:00:00,8.87,2122,London Harlington,Particulate matter less than 2.5 micro m,PM2.5,51.48879,-0.4416139999854361
2023-05-13 12:00:00,10.38,2122,London Harlington,Particulate matter less than 2.5 micro m,PM2.5,51.48879,-0.4416139999854361
2023-05-13 13:00:00,9.838,2122,London Harlington,Particulate matter less than 2.5 micro m,PM2.5,51.48879,-0.4416139999854361
2023-05-13 14:00:00,9.484,2122,London Harlington,Particulate matter less than 2.5 micro m,PM2.5,51.48879,-0.4416139999854361
2023-05-13 15:00:00,10.564,2122,London Harlington,Particulate matter less than 2.5 micro m,PM2.5,51.48879,-0.4416139999854361
2023-05-13 16:00:00,11.88,2122,London Harlington,Particulate matter less than 2.5 micro m,PM2.5,51.48879,-0.4416139999854361
2023-05-13 17:00:00,11.87,2122,London Harlington,Particulate matter less than 2.5 micro m,PM2.5,51.48879,-0.4416139999854361
2023-05-13 18:00:00,12.314,2122,London Harlington,Particulate matter less than 2.5 micro m,PM2.5,51.48879,-0.4416139999854361
2023-05-13 19:00:00,12.257,2122,London Harlington,Particulate matter less than 2.5 micro m,PM2.5,51.48879,-0.4416139999854361
2023-05-13 20:00:00,13.29,2122,London Harlington,Particulate matter less than 2.5 micro m,PM2.5,51.48879,-0.4416139999854361
2023-05-13 21:00:00,12.929,2122,London Harlington,Particulate matter less than 2.5 micro m,PM2.5,51.48879,-0.4416139999854361
2023-05-13 22:00:00,13.205,2122,London Harlington,Particulate matter less than 2.5 micro m,PM2.5,51.48879,-0.4416139999854361
2023-05-13 23:00:00,13.625,2122,London Harlington,Particulate matter less than 2.5 micro m,PM2.5,51.48879,-0.4416139999854361
2023-05-14 00:00:00,13.762,2122,London Harlington,Particulate matter less than 2.5 micro m,PM2.5,51.48879,-0.4416139999854361
2023-05-14 01:00:00,12.984,2122,London Harlington,Particulate matter less than 2.5 micro m,PM2.5,51.48879,-0.4416139999854361
2023-05-14 02:00:00,13.929,2122,London Harlington,Particulate matter less than 2.5 micro m,PM2.5,51.48879,-0.4416139999854361
2023-05-14 03:00:00,14.156,2122,London Harlington,Particulate matter less than 2.5 micro m,PM2.5,51.48879,-0.4416139999854361
2023-05-14 04:00:00,14.87,2122,London Harlington,Particulate matter less than 2.5 micro m,PM2.5,51.48879,-0.4416139999854361
2023-05-14 05:00:00,14.238,2122,London Harlington,Particulate matter less than 2.5 micro m,PM2.5,51.48879,-0.4416139999854361
2023-05-14 06:00:00,14.502,2122,London Harlington,Particulate matter less than 2.5 micro m,PM2.5,51.48879,-0.4416139999854361
2023-05-14 07:00:00,14.974,2122,London Harlington,Particulate matter less than 2.5 micro m,PM2.5,51.48879,-0.4416139999854361
2023-05-14 08:00:00,13.701,2122,London Harlington,Particulate matter less than 2.5 micro m,PM2.5,51.48879,-0.4416139999854361
2023-05-14 09:00:00,14.693,2122,London Harlington,Particulate matter less than 2.5 micro m,PM2.5,51.48879,-0.4416139999854361
2023-05-14 10:00:00,17.486,2122,London Harlington,Particulate matter less than 2.5 micro m,PM2.5,51.48879,-0.4416139999854361
2023-05-14 11:00:00,17.517,2122,London Harlington,Particulate matter less than 2.5 micro m,PM2.5,51.48879,-0.4416139999854361
2023-05-14 12:00:00,16.229,2122,London Harlington,Particulate matter less than 2.5 micro m,PM2.5,51.48879,-0.4416139999854361
2023-05-14 13:00:00,15.896,2122,London Harlington,Particulate matter less than 2.5 micro m,PM2.5,51.48879,-0.4416139999854361
2023-05-14 14:00:00,13.304,2122,London Harlington,Particulate matter less than 2.5 micro m,PM2.5,51.48879,-0.4416139999854361
2023-05-14 15:00:00,10.351,2122,London Harlington,Particulate matter less than 2.5 micro m,PM2.5,51.48879,-0.4416139999854361
2023-05-14 16:00:00,9.49,2122,London Harlington,Particulate matter less than 2.5 micro m,PM2.5,51.48879,-0.4416139999854361
2023-05-14 17:00:00,8.327,2122,London Harlington,Particulate matter less than 2.5 micro m,PM2.5,51.48879,-0.4416139999854361
2023-05-14 18:00:00,8.048,2122,London Harlington,Particulate matter less than 2.5 micro m,PM2.5,51.48879,-0.4416139999854361
2023-05-14 19:00:00,4.535,2122,London Harlington,Particulate matter less than 2.5 micro m,PM2.5,51.48879,-0.4416139999854361
2023-05-14 20:00:00,3.791,2122,London Harlington,Particulate matter less than 2.5 micro m,PM2.5,51.48879,-0.4416139999854361
2023-05-14 21:00:00,3.109,2122,London Harlington,Particulate matter less than 2.5 micro m,PM2.5,51.48879,-0.4416139999854361
2023-05-14 22:00:00,3.567,2122,London Harlington,Particulate matter less than 2.5 micro m,PM2.5,51.48879,-0.4416139999854361
2023-05-14 23:00:00,4.986,2122,London Harlington,Particulate matter less than 2.5 micro m,PM2.5,51.48879,-0.4416139999854361
2023-05-15 00:00:00,5.212,2122,London Harlington,Particulate matter less than 2.5 micro m,PM2.5,51.48879,-0.4416139999854361
2023-05-15 01:00:00,3.428,2122,London Harlington,Particulate matter less than 2.5 micro m,PM2.5,51.48879,-0.4416139999854361
2023-05-15 02:00:00,4.477,2122,London Harlington,Particulate matter less than 2.5 micro m,PM2.5,51.48879,-0.4416139999854361
2023-05-15 03:00:00,6.422,2122,London Harlington,Particulate matter less than 2.5 micro m,PM2.5,51.48879,-0.4416139999854361
2023-05-15 04:00:00,4.517,2122,London Harlington,Particulate matter less than 2.5 micro m,PM2.5,51.48879,-0.4416139999854361
2023-05-15 05:00:00,4.919,2122,London Harlington,Particulate matter less than 2.5 micro m,PM2.5,51.48879,-0.4416139999854361
2023-05-15 06:00:00,4.143,2122,London Harlington,Particulate matter less than 2.5 micro m,PM2.5,51.48879,-0.4416139999854361
2023-05-15 07:00:00,4.128,2122,London Harlington,Particulate matter less than 2.5 micro m,PM2.5,51.48879,-0.4416139999854361
2023-05-15 08:00:00,3.958,2122,London Harlington,Particulate matter less than 2.5 micro m,PM2.5,51.48879,-0.4416139999854361
2023-05-15 09:00:00,3.714,2122,London Harlington,Particulate matter less than 2.5 micro m,PM2.5,51.48879,-0.4416139999854361
2023-05-15 10:00:00,3.346,2122,London Harlington,Particulate matter less than 2.5 micro m,PM2.5,51.48879,-0.4416139999854361
2023-05-15 11:00:00,3.06,2122,London Harlington,Particulate matter less than 2.5 micro m,PM2.5,51.48879,-0.4416139999854361
2023-05-15 12:00:00,2.834,2122,London Harlington,Particulate matter less than 2.5 micro m,PM2.5,51.48879,-0.4416139999854361
2023-05-15 13:00:00,3.139,2122,London Harlington,Particulate matter less than 2.5 micro m,PM2.5,51.48879,-0.4416139999854361
2023-05-15 14:00:00,2.839,2122,London Harlington,Particulate matter less than 2.5 micro m,PM2.5,51.48879,-0.4416139999854361
2023-05-15 15:00:00,2.877,2122,London Harlington,Particulate matter less than 2.5 micro m,PM2.5,51.48879,-0.4416139999854361
2023-05-15 16:00:00,2.663,2122,London Harlington,Particulate matter less than 2.5 micro m,PM2.5,51.48879,-0.4416139999854361
2023-05-15 17:00:00,3.308,2122,London Harlington,Particulate matter less than 2.5 micro m,PM2.5,51.48879,-0.4416139999854361
2023-05-15 18:00:00,4.189,2122,London Harlington,Particulate matter less than 2.5 micro m,PM2.5,51.48879,-0.4416139999854361
2023-05-15 19:00:00,4.275,2122,London Harlington,Particulate matter less than 2.5 micro m,PM2.5,51.48879,-0.4416139999854361
2023-05-15 20:00:00,5.828,2122,London Harlington,Particulate matter less than 2.5 micro m,PM2.5,51.48879,-0.4416139999854361
2023-05-15 21:00:00,5.924,2122,London Harlington,Particulate matter less than 2.5 micro m,PM2.5,51.48879,-0.4416139999854361
2023-05-15 22:00:00,6.138,2122,London Harlington,Particulate matter less than 2.5 micro m,PM2.5,51.48879,-0.4416139999854361
2023-05-15 23:00:00,6.463,2122,London Harlington,Particulate matter less than 2.5 micro m,PM2.5,51.48879,-0.4416139999854361
2023-05-16 00:00:00,6.754,2122,London Harlington,Particulate matter less than 2.5 micro m,PM2.5,51.48879,-0.4416139999854361
2023-05-16 01:00:00,6.106,2122,London Harlington,Particulate matter less than 2.5 micro m,PM2.5,51.48879,-0.4416139999854361
2023-05-16 02:00:00,4.422,2122,London Harlington,Particulate matter less than 2.5 micro m,PM2.5,51.48879,-0.4416139999854361
2023-05-16 03:00:00,4.262,2122,London Harlington,Particulate matter less than 2.5 micro m,PM2.5,51.48879,-0.4416139999854361
2023-05-16 04:00:00,4.474,2122,London Harlington,Particulate matter less than 2.5 micro m,PM2.5,51.48879,-0.4416139999854361
2023-05-16 05:00:00,5.548,2122,London Harlington,Particulate matter less than 2.5 micro m,PM2.5,51.48879,-0.4416139999854361
2023-05-16 06:00:00,5.306,2122,London Harlington,Particulate matter less than 2.5 micro m,PM2.5,51.48879,-0.4416139999854361
2023-05-16 07:00:00,4.68,2122,London Harlington,Particulate matter less than 2.5 micro m,PM2.5,51.48879,-0.4416139999854361
2023-05-16 08:00:00,4.218,2122,London Harlington,Particulate matter less than 2.5 micro m,PM2.5,51.48879,-0.4416139999854361
2023-05-16 09:00:00,4.016,2122,London Harlington,Particulate matter less than 2.5 micro m,PM2.5,51.48879,-0.4416139999854361
2023-05-16 10:00:00,3.634,2122,London Harlington,Particulate matter less than 2.5 micro m,PM2.5,51.48879,-0.4416139999854361
2023-05-16 11:00:00,3.637,2122,London Harlington,Particulate matter less than 2.5 micro m,PM2.5,51.48879,-0.4416139999854361
2023-05-16 12:00:00,3.829,2122,London Harlington,Particulate matter less than 2.5 micro m,PM2.5,51.48879,-0.4416139999854361
2023-05-16 13:00:00,5.286,2122,London Harlington,Particulate matter less than 2.5 micro m,PM2.5,51.48879,-0.4416139999854361
2023-05-16 14:00:00,7.375,2122,London Harlington,Particulate matter less than 2.5 micro m,PM2.5,51.48879,-0.4416139999854361
2023-05-16 15:00:00,9.756,2122,London Harlington,Particulate matter less than 2.5 micro m,PM2.5,51.48879,-0.4416139999854361
2023-05-16 16:00:00,10.672,2122,London Harlington,Particulate matter less than 2.5 micro m,PM2.5,51.48879,-0.4416139999854361
2023-05-16 17:00:00,10.083,2122,London Harlington,Particulate matter less than 2.5 micro m,PM2.5,51.48879,-0.4416139999854361
2023-05-16 18:00:00,8.702,2122,London Harlington,Particulate matter less than 2.5 micro m,PM2.5,51.48879,-0.4416139999854361
2023-05-16 19:00:00,8.84,2122,London Harlington,Particulate matter less than 2.5 micro m,PM2.5,51.48879,-0.4416139999854361
2023-05-16 20:00:00,9.665,2122,London Harlington,Particulate matter less than 2.5 micro m,PM2.5,51.48879,-0.4416139999854361
2023-05-16 21:00:00,10.875,2122,London Harlington,Particulate matter less than 2.5 micro m,PM2.5,51.48879,-0.4416139999854361
2023-05-16 22:00:00,12.326,2122,London Harlington,Particulate matter less than 2.5 micro m,PM2.5,51.48879,-0.4416139999854361
2023-05-16 23:00:00,9.775,2122,London Harlington,Particulate matter less than 2.5 micro m,PM2.5,51.48879,-0.4416139999854361
2023-05-17 00:00:00,7.896,2122,London Harlington,Particulate matter less than 2.5 micro m,PM2.5,51.48879,-0.4416139999854361
2023-05-17 01:00:00,7.093,2122,London Harlington,Particulate matter less than 2.5 micro m,PM2.5,51.48879,-0.4416139999854361
2023-05-17 02:00:00,8.271,2122,London Harlington,Particulate matter less than 2.5 micro m,PM2.5,51.48879,-0.4416139999854361
2023-05-17 03:00:00,7.484,2122,London Harlington,Particulate matter less than 2.5 micro m,PM2.5,51.48879,-0.4416139999854361
2023-05-17 04:00:00,8.331,2122,London Harlington,Particulate matter less than 2.5 micro m,PM2.5,51.48879,-0.4416139999854361
2023-05-17 05:00:00,9.917,2122,London Harlington,Particulate matter less than 2.5 micro m,PM2.5,51.48879,-0.4416139999854361
2023-05-17 06:00:00,10.08,2122,London Harlington,Particulate matter less than 2.5 micro m,PM2.5,51.48879,-0.4416139999854361
2023-05-17 07:00:00,8.799,2122,London Harlington,Particulate matter less than 2.5 micro m,PM2.5,51.48879,-0.4416139999854361
2023-05-17 08:00:00,8.738,2122,London Harlington,Particulate matter less than 2.5 micro m,PM2.5,51.48879,-0.4416139999854361
2023-05-17 09:00:00,8.754,2122,London Harlington,Particulate matter less than 2.5 micro m,PM2.5,51.48879,-0.4416139999854361
2023-05-17 10:00:00,7.112,2122,London Harlington,Particulate matter less than 2.5 micro m,PM2.5,51.48879,-0.4416139999854361
2023-05-17 11:00:00,7.212,2122,London Harlington,Particulate matter less than 2.5 micro m,PM2.5,51.48879,-0.4416139999854361
2023-05-17 12:00:00,7.691,2122,London Harlington,Particulate matter less than 2.5 micro m,PM2.5,51.48879,-0.4416139999854361
2023-05-17 13:00:00,7.43,2122,London Harlington,Particulate matter less than 2.5 micro m,PM2.5,51.48879,-0.4416139999854361
2023-05-17 14:00:00,7.597,2122,London Harlington,Particulate matter less than 2.5 micro m,PM2.5,51.48879,-0.4416139999854361
2023-05-17 15:00:00,7.586,2122,London Harlington,Particulate matter less than 2.5 micro m,PM2.5,51.48879,-0.4416139999854361
2023-05-17 16:00:00,7.751,2122,London Harlington,Particulate matter less than 2.5 micro m,PM2.5,51.48879,-0.4416139999854361
2023-05-17 17:00:00,8.463,2122,London Harlington,Particulate matter less than 2.5 micro m,PM2.5,51.48879,-0.4416139999854361
2023-05-17 18:00:00,11.719,2122,London Harlington,Particulate matter less than 2.5 micro m,PM2.5,51.48879,-0.4416139999854361
2023-05-17 19:00:00,10.724,2122,London Harlington,Particulate matter less than 2.5 micro m,PM2.5,51.48879,-0.4416139999854361
2023-05-17 20:00:00,11.097,2122,London Harlington,Particulate matter less than 2.5 micro m,PM2.5,51.48879,-0.4416139999854361
2023-05-17 21:00:00,9.417,2122,London Harlington,Particulate matter less than 2.5 micro m,PM2.5,51.48879,-0.4416139999854361
2023-05-17 22:00:00,9.795,2122,London Harlington,Particulate matter less than 2.5 micro m,PM2.5,51.48879,-0.4416139999854361
2023-05-17 23:00:00,9.6,2122,London Harlington,Particulate matter less than 2.5 micro m,PM2.5,51.48879,-0.4416139999854361
2023-05-18 00:00:00,8.372,2122,London Harlington,Particulate matter less than 2.5 micro m,PM2.5,51.48879,-0.4416139999854361
2023-05-18 01:00:00,6.241,2122,London Harlington,Particulate matter less than 2.5 micro m,PM2.5,51.48879,-0.4416139999854361
2023-05-18 02:00:00,5.955,2122,London Harlington,Particulate matter less than 2.5 micro m,PM2.5,51.48879,-0.4416139999854361
2023-05-18 03:00:00,6.186,2122,London Harlington,Particulate matter less than 2.5 micro m,PM2.5,51.48879,-0.4416139999854361
2023-05-18 04:00:00,6.121,2122,London Harlington,Particulate matter less than 2.5 micro m,PM2.5,51.48879,-0.4416139999854361
2023-05-18 05:00:00,6.521,2122,London Harlington,Particulate matter less than 2.5 micro m,PM2.5,51.48879,-0.4416139999854361
2023-05-18 06:00:00,7.662,2122,London Harlington,Particulate matter less than 2.5 micro m,PM2.5,51.48879,-0.4416139999854361
2023-05-18 07:00:00,9.817,2122,London Harlington,Particulate matter less than 2.5 micro m,PM2.5,51.48879,-0.4416139999854361
2023-05-18 08:00:00,12.717,2122,London Harlington,Particulate matter less than 2.5 micro m,PM2.5,51.48879,-0.4416139999854361
2023-05-18 09:00:00,10.502,2122,London Harlington,Particulate matter less than 2.5 micro m,PM2.5,51.48879,-0.4416139999854361
2023-05-18 10:00:00,9.088,2122,London Harlington,Particulate matter less than 2.5 micro m,PM2.5,51.48879,-0.4416139999854361
2023-05-18 11:00:00,8.891,2122,London Harlington,Particulate matter less than 2.5 micro m,PM2.5,51.48879,-0.4416139999854361
2023-05-18 12:00:00,8.257,2122,London Harlington,Particulate matter less than 2.5 micro m,PM2.5,51.48879,-0.4416139999854361
2023-05-18 13:00:00,7.979,2122,London Harlington,Particulate matter less than 2.5 micro m,PM2.5,51.48879,-0.4416139999854361
2023-05-18 14:00:00,7.036,2122,London Harlington,Particulate matter less than 2.5 micro m,PM2.5,51.48879,-0.4416139999854361
2023-05-18 15:00:00,5.568,2122,London Harlington,Particulate matter less than 2.5 micro m,PM2.5,51.48879,-0.4416139999854361
2023-05-18 16:00:00,5.942,2122,London Harlington,Particulate matter less than 2.5 micro m,PM2.5,51.48879,-0.4416139999854361
2023-05-18 17:00:00,7.996,2122,London Harlington,Particulate matter less than 2.5 micro m,PM2.5,51.48879,-0.4416139999854361
2023-05-18 18:00:00,7.949,2122,London Harlington,Particulate matter less than 2.5 micro m,PM2.5,51.48879,-0.4416139999854361
2023-05-18 19:00:00,7.284,2122,London Harlington,Particulate matter less than 2.5 micro m,PM2.5,51.48879,-0.4416139999854361
2023-05-18 20:00:00,7.103,2122,London Harlington,Particulate matter less than 2.5 micro m,PM2.5,51.48879,-0.4416139999854361
2023-05-18 21:00:00,7.252,2122,London Harlington,Particulate matter less than 2.5 micro m,PM2.5,51.48879,-0.4416139999854361
2023-05-18 22:00:00,7.256,2122,London Harlington,Particulate matter less than 2.5 micro m,PM2.5,51.48879,-0.4416139999854361
2023-05-18 23:00:00,7.265,2122,London Harlington,Particulate matter less than 2.5 micro m,PM2.5,51.48879,-0.4416139999854361
2023-05-19 00:00:00,7.491,2122,London Harlington,Particulate matter less than 2.5 micro m,PM2.5,51.48879,-0.4416139999854361
2023-05-19 01:00:00,6.996,2122,London Harlington,Particulate matter less than 2.5 micro m,PM2.5,51.48879,-0.4416139999854361
2023-05-19 02:00:00,6.452,2122,London Harlington,Particulate matter less than 2.5 micro m,PM2.5,51.48879,-0.4416139999854361
2023-05-19 03:00:00,6.284,2122,London Harlington,Particulate matter less than 2.5 micro m,PM2.5,51.48879,-0.4416139999854361
2023-05-19 04:00:00,7.186,2122,London Harlington,Particulate matter less than 2.5 micro m,PM2.5,51.48879,-0.4416139999854361
2023-05-19 05:00:00,7.664,2122,London Harlington,Particulate matter less than 2.5 micro m,PM2.5,51.48879,-0.4416139999854361
2023-05-19 06:00:00,9.019,2122,London Harlington,Particulate matter less than 2.5 micro m,PM2.5,51.48879,-0.4416139999854361
2023-05-19 07:00:00,10.738,2122,London Harlington,Particulate matter less than 2.5 micro m,PM2.5,51.48879,-0.4416139999854361
2023-05-19 08:00:00,13.099,2122,London Harlington,Particulate matter less than 2.5 micro m,PM2.5,51.48879,-0.4416139999854361
2023-05-19 09:00:00,14.585,2122,London Harlington,Particulate matter less than 2.5 micro m,PM2.5,51.48879,-0.4416139999854361
2023-05-19 10:00:00,10.762,2122,London Harlington,Particulate matter less than 2.5 micro m,PM2.5,51.48879,-0.4416139999854361
2023-05-19 11:00:00,9.412,2122,London Harlington,Particulate matter less than 2.5 micro m,PM2.5,51.48879,-0.4416139999854361
2023-05-19 12:00:00,9.285,2122,London Harlington,Particulate matter less than 2.5 micro m,PM2.5,51.48879,-0.4416139999854361
2023-05-19 13:00:00,7.94,2122,London Harlington,Particulate matter less than 2.5 micro m,PM2.5,51.48879,-0.4416139999854361
2023-05-19 14:00:00,8.267,2122,London Harlington,Particulate matter less than 2.5 micro m,PM2.5,51.48879,-0.4416139999854361
2023-05-19 15:00:00,7.597,2122,London Harlington,Particulate matter less than 2.5 micro m,PM2.5,51.48879,-0.4416139999854361
2023-05-19 16:00:00,8.461,2122,London Harlington,Particulate matter less than 2.5 micro m,PM2.5,51.48879,-0.4416139999854361
2023-05-19 17:00:00,8.706,2122,London Harlington,Particulate matter less than 2.5 micro m,PM2.5,51.48879,-0.4416139999854361
2023-05-19 18:00:00,9.681,2122,London Harlington,Particulate matter less than 2.5 micro m,PM2.5,51.48879,-0.4416139999854361
2023-05-19 19:00:00,11.644,2122,London Harlington,Particulate matter less than 2.5 micro m,PM2.5,51.48879,-0.4416139999854361
2023-05-19 20:00:00,12.552,2122,London Harlington,Particulate matter less than 2.5 micro m,PM2.5,51.48879,-0.4416139999854361
2023-05-19 21:00:00,12.307,2122,London Harlington,Particulate matter less than 2.5 micro m,PM2.5,51.48879,-0.4416139999854361
2023-05-19 22:00:00,11.821,2122,London Harlington,Particulate matter less than 2.5 micro m,PM2.5,51.48879,-0.4416139999854361
2023-05-19 23:00:00,10.842,2122,London Harlington,Particulate matter less than 2.5 micro m,PM2.5,51.48879,-0.4416139999854361
2023-05-20 00:00:00,9.975,2122,London Harlington,Particulate matter less than 2.5 micro m,PM2.5,51.48879,-0.4416139999854361
2023-05-20 01:00:00,9.39,2122,London Harlington,Particulate matter less than 2.5 micro m,PM2.5,51.48879,-0.4416139999854361
2023-05-20 02:00:00,9.373,2122,London Harlington,Particulate matter less than 2.5 micro m,PM2.5,51.48879,-0.4416139999854361
2023-05-20 03:00:00,9.24,2122,London Harlington,Particulate matter less than 2.5 micro m,PM2.5,51.48879,-0.4416139999854361
2023-05-20 04:00:00,9.403,2122,London Harlington,Particulate matter less than 2.5 micro m,PM2.5,51.48879,-0.4416139999854361
2023-05-20 05:00:00,9.478,2122,London Harlington,Particulate matter less than 2.5 micro m,PM2.5,51.48879,-0.4416139999854361
2023-05-20 06:00:00,10.252,2122,London Harlington,Particulate matter less than 2.5 micro m,PM2.5,51.48879,-0.4416139999854361
2023-05-20 07:00:00,10.451,2122,London Harlington,Particulate matter less than 2.5 micro m,PM2.5,51.48879,-0.4416139999854361
2023-05-20 08:00:00,10.576,2122,London Harlington,Particulate matter less than 2.5 micro m,PM2.5,51.48879,-0.4416139999854361
2023-05-20 09:00:00,9.282,2122,London Harlington,Particulate matter less than 2.5 micro m,PM2.5,51.48879,-0.4416139999854361
2023-05-20 10:00:00,8.713,2122,London Harlington,Particulate matter less than 2.5 micro m,PM2.5,51.48879,-0.4416139999854361
2023-05-20 11:00:00,8.424,2122,London Harlington,Particulate matter less than 2.5 micro m,PM2.5,51.48879,-0.4416139999854361
2023-05-20 12:00:00,7.516,2122,London Harlington,Particulate matter less than 2.5 micro m,PM2.5,51.48879,-0.4416139999854361
2023-05-20 13:00:00,6.889,2122,London Harlington,Particulate matter less than 2.5 micro m,PM2.5,51.48879,-0.4416139999854361
2023-05-20 14:00:00,6.82,2122,London Harlington,Particulate matter less than 2.5 micro m,PM2.5,51.48879,-0.4416139999854361
2023-05-20 15:00:00,6.424,2122,London Harlington,Particulate matter less than 2.5 micro m,PM2.5,51.48879,-0.4416139999854361
2023-05-20 16:00:00,5.97,2122,London Harlington,Particulate matter less than 2.5 micro m,PM2.5,51.48879,-0.4416139999854361
2023-05-20 17:00:00,5.388,2122,London Harlington,Particulate matter less than 2.5 micro m,PM2.5,51.48879,-0.4416139999854361
2023-05-20 18:00:00,5.257,2122,London Harlington,Particulate matter less than 2.5 micro m,PM2.5,51.48879,-0.4416139999854361
2023-05-20 19:00:00,4.542,2122,London Harlington,Particulate matter less than 2.5 micro m,PM2.5,51.48879,-0.4416139999854361
2023-05-20 20:00:00,4.923,2122,London Harlington,Particulate matter less than 2.5 micro m,PM2.5,51.48879,-0.4416139999854361
2023-05-20 21:00:00,4.864,2122,London Harlington,Particulate matter less than 2.5 micro m,PM2.5,51.48879,-0.4416139999854361
2023-05-20 22:00:00,5.037,2122,London Harlington,Particulate matter less than 2.5 micro m,PM2.5,51.48879,-0.4416139999854361
2023-05-20 23:00:00,4.963,2122,London Harlington,Particulate matter less than 2.5 micro m,PM2.5,51.48879,-0.4416139999854361
2023-05-21 00:00:00,5.165,2122,London Harlington,Particulate matter less than 2.5 micro m,PM2.5,51.48879,-0.4416139999854361
2023-05-21 01:00:00,5.728,2122,London Harlington,Particulate matter less than 2.5 micro m,PM2.5,51.48879,-0.4416139999854361
2023-05-21 02:00:00,7.044,2122,London Harlington,Particulate matter less than 2.5 micro m,PM2.5,51.48879,-0.4416139999854361
2023-05-21 03:00:00,7.581,2122,London Harlington,Particulate matter less than 2.5 micro m,PM2.5,51.48879,-0.4416139999854361
2023-05-21 04:00:00,8.189,2122,London Harlington,Particulate matter less than 2.5 micro m,PM2.5,51.48879,-0.4416139999854361
2023-05-21 05:00:00,8.466,2122,London Harlington,Particulate matter less than 2.5 micro m,PM2.5,51.48879,-0.4416139999854361
2023-05-21 06:00:00,8.192,2122,London Harlington,Particulate matter less than 2.5 micro m,PM2.5,51.48879,-0.4416139999854361
2023-05-21 07:00:00,7.036,2122,London Harlington,Particulate matter less than 2.5 micro m,PM2.5,51.48879,-0.4416139999854361
2023-05-21 08:00:00,6.163,2122,London Harlington,Particulate matter less than 2.5 micro m,PM2.5,51.48879,-0.4416139999854361
2023-05-21 09:00:00,6.08,2122,London Harlington,Particulate matter less than 2.5 micro m,PM2.5,51.48879,-0.4416139999854361
2023-05-21 10:00:00,5.932,2122,London Harlington,Particulate matter less than 2.5 micro m,PM2.5,51.48879,-0.4416139999854361
2023-05-21 11:00:00,6.006,2122,London Harlington,Particulate matter less than 2.5 micro m,PM2.5,51.48879,-0.4416139999854361
2023-05-21 12:00:00,6.094,2122,London Harlington,Particulate matter less than 2.5 micro m,PM2.5,51.48879,-0.4416139999854361
2023-05-21 13:00:00,6.03,2122,London Harlington,Particulate matter less than 2.5 micro m,PM2.5,51.48879,-0.4416139999854361
2023-05-21 14:00:00,5.277,2122,London Harlington,Particulate matter less than 2.5 micro m,PM2.5,51.48879,-0.4416139999854361
2023-05-21 15:00:00,5.535,2122,London Harlington,Particulate matter less than 2.5 micro m,PM2.5,51.48879,-0.4416139999854361
2023-05-21 16:00:00,5.428,2122,London Harlington,Particulate matter less than 2.5 micro m,PM2.5,51.48879,-0.4416139999854361
2023-05-21 17:00:00,5.321,2122,London Harlington,Particulate matter less than 2.5 micro m,PM2.5,51.48879,-0.4416139999854361
2023-05-21 18:00:00,5.482,2122,London Harlington,Particulate matter less than 2.5 micro m,PM2.5,51.48879,-0.4416139999854361
2023-05-21 19:00:00,4.981,2122,London Harlington,Particulate matter less than 2.5 micro m,PM2.5,51.48879,-0.4416139999854361
2023-05-21 20:00:00,4.948,2122,London Harlington,Particulate matter less than 2.5 micro m,PM2.5,51.48879,-0.4416139999854361
2023-05-21 21:00:00,4.543,2122,London Harlington,Particulate matter less than 2.5 micro m,PM2.5,51.48879,-0.4416139999854361
2023-05-21 22:00:00,4.758,2122,London Harlington,Particulate matter less than 2.5 micro m,PM2.5,51.48879,-0.4416139999854361
2023-05-21 23:00:00,4.255,2122,London Harlington,Particulate matter less than 2.5 micro m,PM2.5,51.48879,-0.4416139999854361
2023-05-22 00:00:00,4.959,2122,London Harlington,Particulate matter less than 2.5 micro m,PM2.5,51.48879,-0.4416139999854361
2023-05-22 01:00:00,4.852,2122,London Harlington,Particulate matter less than 2.5 micro m,PM2.5,51.48879,-0.4416139999854361
2023-05-22 02:00:00,4.859,2122,London Harlington,Particulate matter less than 2.5 micro m,PM2.5,51.48879,-0.4416139999854361
2023-05-22 03:00:00,5.46,2122,London Harlington,Particulate matter less than 2.5 micro m,PM2.5,51.48879,-0.4416139999854361
2023-05-22 04:00:00,5.75,2122,London Harlington,Particulate matter less than 2.5 micro m,PM2.5,51.48879,-0.4416139999854361
2023-05-22 05:00:00,6.021,2122,London Harlington,Particulate matter less than 2.5 micro m,PM2.5,51.48879,-0.4416139999854361
2023-05-22 06:00:00,6.234,2122,London Harlington,Particulate matter less than 2.5 micro m,PM2.5,51.48879,-0.4416139999854361
2023-05-22 07:00:00,6.108,2122,London Harlington,Particulate matter less than 2.5 micro m,PM2.5,51.48879,-0.4416139999854361
2023-05-22 08:00:00,6.367,2122,London Harlington,Particulate matter less than 2.5 micro m,PM2.5,51.48879,-0.4416139999854361
2023-05-22 09:00:00,5.573,2122,London Harlington,Particulate matter less than 2.5 micro m,PM2.5,51.48879,-0.4416139999854361
2023-05-22 10:00:00,5.775,2122,London Harlington,Particulate matter less than 2.5 micro m,PM2.5,51.48879,-0.4416139999854361
2023-05-22 11:00:00,6.064,2122,London Harlington,Particulate matter less than 2.5 micro m,PM2.5,51.48879,-0.4416139999854361
2023-05-22 12:00:00,5.215,2122,London Harlington,Particulate matter less than 2.5 micro m,PM2.5,51.48879,-0.4416139999854361
2023-05-22 13:00:00,5.418,2122,London Harlington,Particulate matter less than 2.5 micro m,PM2.5,51.48879,-0.4416139999854361
2023-05-22 14:00:00,5.983,2122,London Harlington,Particulate matter less than 2.5 micro m,PM2.5,51.48879,-0.4416139999854361
2023-05-22 15:00:00,6.956,2122,London Harlington,Particulate matter less than 2.5 micro m,PM2.5,51.48879,-0.4416139999854361
2023-05-22 16:00:00,7.434,2122,London Harlington,Particulate matter less than 2.5 micro m,PM2.5,51.48879,-0.4416139999854361
2023-05-22 17:00:00,6.401,2122,London Harlington,Particulate matter less than 2.5 micro m,PM2.5,51.48879,-0.4416139999854361
2023-05-22 18:00:00,5.857,2122,London Harlington,Particulate matter less than 2.5 micro m,PM2.5,51.48879,-0.4416139999854361
2023-05-22 19:00:00,6.167,2122,London Harlington,Particulate matter less than 2.5 micro m,PM2.5,51.48879,-0.4416139999854361
2023-05-22 20:00:00,6.863,2122,London Harlington,Particulate matter less than 2.5 micro m,PM2.5,51.48879,-0.4416139999854361
2023-05-22 21:00:00,7.809,2122,London Harlington,Particulate matter less than 2.5 micro m,PM2.5,51.48879,-0.4416139999854361
2023-05-22 22:00:00,8.511,2122,London Harlington,Particulate matter less than 2.5 micro m,PM2.5,51.48879,-0.4416139999854361
2023-05-22 23:00:00,9.255,2122,London Harlington,Particulate matter less than 2.5 micro m,PM2.5,51.48879,-0.4416139999854361
2023-05-23 00:00:00,9.316,2122,London Harlington,Particulate matter less than 2.5 micro m,PM2.5,51.48879,-0.4416139999854361
2023-05-23 01:00:00,8.568,2122,London Harlington,Particulate matter less than 2.5 micro m,PM2.5,51.48879,-0.4416139999854361
2023-05-23 02:00:00,8.847,2122,London Harlington,Particulate matter less than 2.5 micro m,PM2.5,51.48879,-0.4416139999854361
2023-05-23 03:00:00,7.226,2122,London Harlington,Particulate matter less than 2.5 micro m,PM2.5,51.48879,-0.4416139999854361
2023-05-23 04:00:00,6.404,2122,London Harlington,Particulate matter less than 2.5 micro m,PM2.5,51.48879,-0.4416139999854361
2023-05-23 05:00:00,5.513,2122,London Harlington,Particulate matter less than 2.5 micro m,PM2.5,51.48879,-0.4416139999854361
2023-05-23 06:00:00,5.765,2122,London Harlington,Particulate matter less than 2.5 micro m,PM2.5,51.48879,-0.4416139999854361
2023-05-23 07:00:00,5.579,2122,London Harlington,Particulate matter less than 2.5 micro m,PM2.5,51.48879,-0.4416139999854361
2023-05-23 08:00:00,5.416,2122,London Harlington,Particulate matter less than 2.5 micro m,PM2.5,51.48879,-0.4416139999854361
2023-05-23 09:00:00,5.671,2122,London Harlington,Particulate matter less than 2.5 micro m,PM2.5,51.48879,-0.4416139999854361
2023-05-23 10:00:00,5.784,2122,London Harlington,Particulate matter less than 2.5 micro m,PM2.5,51.48879,-0.4416139999854361
2023-05-23 11:00:00,5.913,2122,London Harlington,Particulate matter less than 2.5 micro m,PM2.5,51.48879,-0.4416139999854361
2023-05-23 12:00:00,5.784,2122,London Harlington,Particulate matter less than 2.5 micro m,PM2.5,51.48879,-0.4416139999854361
2023-05-23 13:00:00,6.143,2122,London Harlington,Particulate matter less than 2.5 micro m,PM2.5,51.48879,-0.4416139999854361
2023-05-23 14:00:00,6.053,2122,London Harlington,Particulate matter less than 2.5 micro m,PM2.5,51.48879,-0.4416139999854361
2023-05-23 15:00:00,5.76,2122,London Harlington,Particulate matter less than 2.5 micro m,PM2.5,51.48879,-0.4416139999854361
2023-05-23 16:00:00,5.748,2122,London Harlington,Particulate matter less than 2.5 micro m,PM2.5,51.48879,-0.4416139999854361
2023-05-23 17:00:00,5.284,2122,London Harlington,Particulate matter less than 2.5 micro m,PM2.5,51.48879,-0.4416139999854361
2023-05-23 18:00:00,5.666,2122,London Harlington,Particulate matter less than 2.5 micro m,PM2.5,51.48879,-0.4416139999854361
2023-05-23 19:00:00,5.77,2122,London Harlington,Particulate matter less than 2.5 micro m,PM2.5,51.48879,-0.4416139999854361
2023-05-23 20:00:00,6.48,2122,London Harlington,Particulate matter less than 2.5 micro m,PM2.5,51.48879,-0.4416139999854361
2023-05-23 21:00:00,8.83,2122,London Harlington,Particulate matter less than 2.5 micro m,PM2.5,51.48879,-0.4416139999854361
2023-05-23 22:00:00,9.138,2122,London Harlington,Particulate matter less than 2.5 micro m,PM2.5,51.48879,-0.4416139999854361
2023-05-23 23:00:00,7.419,2122,London Harlington,Particulate matter less than 2.5 micro m,PM2.5,51.48879,-0.4416139999854361
2023-05-24 00:00:00,6.111,2122,London Harlington,Particulate matter less than 2.5 micro m,PM2.5,51.48879,-0.4416139999854361
2023-05-24 01:00:00,6.717,2122,London Harlington,Particulate matter less than 2.5 micro m,PM2.5,51.48879,-0.4416139999854361
2023-05-24 02:00:00,8.118,2122,London Harlington,Particulate matter less than 2.5 micro m,PM2.5,51.48879,-0.4416139999854361
2023-05-24 03:00:00,8.858,2122,London Harlington,Particulate matter less than 2.5 micro m,PM2.5,51.48879,-0.4416139999854361
2023-05-24 04:00:00,9.767,2122,London Harlington,Particulate matter less than 2.5 micro m,PM2.5,51.48879,-0.4416139999854361
2023-05-24 05:00:00,10.035,2122,London Harlington,Particulate matter less than 2.5 micro m,PM2.5,51.48879,-0.4416139999854361
2023-05-24 06:00:00,10.946,2122,London Harlington,Particulate matter less than 2.5 micro m,PM2.5,51.48879,-0.4416139999854361
2023-05-24 07:00:00,10.042,2122,London Harlington,Particulate matter less than 2.5 micro m,PM2.5,51.48879,-0.4416139999854361
2023-05-24 08:00:00,9.953,2122,London Harlington,Particulate matter less than 2.5 micro m,PM2.5,51.48879,-0.4416139999854361
2023-05-24 09:00:00,10.175,2122,London Harlington,Particulate matter less than 2.5 micro m,PM2.5,51.48879,-0.4416139999854361
2023-05-24 10:00:00,10.585,2122,London Harlington,Particulate matter less than 2.5 micro m,PM2.5,51.48879,-0.4416139999854361
2023-05-24 11:00:00,10.375,2122,London Harlington,Particulate matter less than 2.5 micro m,PM2.5,51.48879,-0.4416139999854361
2023-05-24 12:00:00,10.892,2122,London Harlington,Particulate matter less than 2.5 micro m,PM2.5,51.48879,-0.4416139999854361
2023-05-24 13:00:00,10.866,2122,London Harlington,Particulate matter less than 2.5 micro m,PM2.5,51.48879,-0.4416139999854361
2023-05-24 14:00:00,10.026,2122,London Harlington,Particulate matter less than 2.5 micro m,PM2.5,51.48879,-0.4416139999854361
2023-05-24 15:00:00,9.513,2122,London Harlington,Particulate matter less than 2.5 micro m,PM2.5,51.48879,-0.4416139999854361
2023-05-24 16:00:00,9.298,2122,London Harlington,Particulate matter less than 2.5 micro m,PM2.5,51.48879,-0.4416139999854361
2023-05-24 17:00:00,9.179,2122,London Harlington,Particulate matter less than 2.5 micro m,PM2.5,51.48879,-0.4416139999854361
2023-05-24 18:00:00,9.92,2122,London Harlington,Particulate matter less than 2.5 micro m,PM2.5,51.48879,-0.4416139999854361
2023-05-24 19:00:00,9.608,2122,London Harlington,Particulate matter less than 2.5 micro m,PM2.5,51.48879,-0.4416139999854361
2023-05-24 20:00:00,11.177,2122,London Harlington,Particulate matter less than 2.5 micro m,PM2.5,51.48879,-0.4416139999854361
2023-05-24 21:00:00,12.866,2122,London Harlington,Particulate matter less than 2.5 micro m,PM2.5,51.48879,-0.4416139999854361
2023-05-24 22:00:00,12.418,2122,London Harlington,Particulate matter less than 2.5 micro m,PM2.5,51.48879,-0.4416139999854361
2023-05-24 23:00:00,11.913,2122,London Harlington,Particulate matter less than 2.5 micro m,PM2.5,51.48879,-0.4416139999854361
2023-05-25 00:00:00,10.908,2122,London Harlington,Particulate matter less than 2.5 micro m,PM2.5,51.48879,-0.4416139999854361
2023-05-25 01:00:00,11.29,2122,London Harlington,Particulate matter less than 2.5 micro m,PM2.5,51.48879,-0.4416139999854361
2023-05-25 02:00:00,11.083,2122,London Harlington,Particulate matter less than 2.5 micro m,PM2.5,51.48879,-0.4416139999854361
2023-05-25 03:00:00,11.889,2122,London Harlington,Particulate matter less than 2.5 micro m,PM2.5,51.48879,-0.4416139999854361
2023-05-25 04:00:00,10.46,2122,London Harlington,Particulate matter less than 2.5 micro m,PM2.5,51.48879,-0.4416139999854361
2023-05-25 05:00:00,9.623,2122,London Harlington,Particulate matter less than 2.5 micro m,PM2.5,51.48879,-0.4416139999854361
2023-05-25 06:00:00,11.217,2122,London Harlington,Particulate matter less than 2.5 micro m,PM2.5,51.48879,-0.4416139999854361
2023-05-25 07:00:00,10.46,2122,London Harlington,Particulate matter less than 2.5 micro m,PM2.5,51.48879,-0.4416139999854361
2023-05-25 08:00:00,10.191,2122,London Harlington,Particulate matter less than 2.5 micro m,PM2.5,51.48879,-0.4416139999854361
2023-05-25 09:00:00,8.844,2122,London Harlington,Particulate matter less than 2.5 micro m,PM2.5,51.48879,-0.4416139999854361
2023-05-25 10:00:00,8.402,2122,London Harlington,Particulate matter less than 2.5 micro m,PM2.5,51.48879,-0.4416139999854361
2023-05-25 11:00:00,8.373,2122,London Harlington,Particulate matter less than 2.5 micro m,PM2.5,51.48879,-0.4416139999854361
2023-05-25 12:00:00,8.008,2122,London Harlington,Particulate matter less than 2.5 micro m,PM2.5,51.48879,-0.4416139999854361
2023-05-25 13:00:00,7.896,2122,London Harlington,Particulate matter less than 2.5 micro m,PM2.5,51.48879,-0.4416139999854361
2023-05-25 14:00:00,8.445,2122,London Harlington,Particulate matter less than 2.5 micro m,PM2.5,51.48879,-0.4416139999854361
2023-05-25 15:00:00,9.081,2122,London Harlington,Particulate matter less than 2.5 micro m,PM2.5,51.48879,-0.4416139999854361
2023-05-25 16:00:00,9.383,2122,London Harlington,Particulate matter less than 2.5 micro m,PM2.5,51.48879,-0.4416139999854361
2023-05-25 17:00:00,9.273,2122,London Harlington,Particulate matter less than 2.5 micro m,PM2.5,51.48879,-0.4416139999854361
2023-05-25 18:00:00,8.678,2122,London Harlington,Particulate matter less than 2.5 micro m,PM2.5,51.48879,-0.4416139999854361
2023-05-25 19:00:00,8.415,2122,London Harlington,Particulate matter less than 2.5 micro m,PM2.5,51.48879,-0.4416139999854361
2023-05-25 20:00:00,7.628,2122,London Harlington,Particulate matter less than 2.5 micro m,PM2.5,51.48879,-0.4416139999854361
2023-05-25 21:00:00,9.067,2122,London Harlington,Particulate matter less than 2.5 micro m,PM2.5,51.48879,-0.4416139999854361
2023-05-25 22:00:00,8.891,2122,London Harlington,Particulate matter less than 2.5 micro m,PM2.5,51.48879,-0.4416139999854361
2023-05-25 23:00:00,11.417,2122,London Harlington,Particulate matter less than 2.5 micro m,PM2.5,51.48879,-0.4416139999854361
2023-05-26 00:00:00,11.283,2122,London Harlington,Particulate matter less than 2.5 micro m,PM2.5,51.48879,-0.4416139999854361
2023-05-26 01:00:00,10.958,2122,London Harlington,Particulate matter less than 2.5 micro m,PM2.5,51.48879,-0.4416139999854361
2023-05-26 02:00:00,10.797,2122,London Harlington,Particulate matter less than 2.5 micro m,PM2.5,51.48879,-0.4416139999854361
2023-05-26 03:00:00,10.729,2122,London Harlington,Particulate matter less than 2.5 micro m,PM2.5,51.48879,-0.4416139999854361
2023-05-26 04:00:00,10.804,2122,London Harlington,Particulate matter less than 2.5 micro m,PM2.5,51.48879,-0.4416139999854361
2023-05-26 05:00:00,11.528,2122,London Harlington,Particulate matter less than 2.5 micro m,PM2.5,51.48879,-0.4416139999854361
2023-05-26 06:00:00,11.925,2122,London Harlington,Particulate matter less than 2.5 micro m,PM2.5,51.48879,-0.4416139999854361
2023-05-26 07:00:00,11.542,2122,London Harlington,Particulate matter less than 2.5 micro m,PM2.5,51.48879,-0.4416139999854361
2023-05-26 08:00:00,11.302,2122,London Harlington,Particulate matter less than 2.5 micro m,PM2.5,51.48879,-0.4416139999854361
2023-05-26 09:00:00,10.943,2122,London Harlington,Particulate matter less than 2.5 micro m,PM2.5,51.48879,-0.4416139999854361
2023-05-26 10:00:00,10.665,2122,London Harlington,Particulate matter less than 2.5 micro m,PM2.5,51.48879,-0.4416139999854361
2023-05-26 11:00:00,9.619,2122,London Harlington,Particulate matter less than 2.5 micro m,PM2.5,51.48879,-0.4416139999854361
2023-05-26 12:00:00,9.465,2122,London Harlington,Particulate matter less than 2.5 micro m,PM2.5,51.48879,-0.4416139999854361
2023-05-26 13:00:00,8.881,2122,London Harlington,Particulate matter less than 2.5 micro m,PM2.5,51.48879,-0.4416139999854361
2023-05-26 14:00:00,8.318,2122,London Harlington,Particulate matter less than 2.5 micro m,PM2.5,51.48879,-0.4416139999854361
2023-05-26 15:00:00,7.923,2122,London Harlington,Particulate matter less than 2.5 micro m,PM2.5,51.48879,-0.4416139999854361
2023-05-26 16:00:00,8.477,2122,London Harlington,Particulate matter less than 2.5 micro m,PM2.5,51.48879,-0.4416139999854361
2023-05-26 17:00:00,9.21,2122,London Harlington,Particulate matter less than 2.5 micro m,PM2.5,51.48879,-0.4416139999854361
2023-05-26 18:00:00,10.359,2122,London Harlington,Particulate matter less than 2.5 micro m,PM2.5,51.48879,-0.4416139999854361
2023-05-26 19:00:00,10.816,2122,London Harlington,Particulate matter less than 2.5 micro m,PM2.5,51.48879,-0.4416139999854361
2023-05-26 20:00:00,11.877,2122,London Harlington,Particulate matter less than 2.5 micro m,PM2.5,51.48879,-0.4416139999854361
2023-05-26 21:00:00,10.538,2122,London Harlington,Particulate matter less than 2.5 micro m,PM2.5,51.48879,-0.4416139999854361
2023-05-26 22:00:00,10.219,2122,London Harlington,Particulate matter less than 2.5 micro m,PM2.5,51.48879,-0.4416139999854361
2023-05-26 23:00:00,10.667,2122,London Harlington,Particulate matter less than 2.5 micro m,PM2.5,51.48879,-0.4416139999854361
2023-05-27 00:00:00,10.658,2122,London Harlington,Particulate matter less than 2.5 micro m,PM2.5,51.48879,-0.4416139999854361
2023-05-27 01:00:00,10.618,2122,London Harlington,Particulate matter less than 2.5 micro m,PM2.5,51.48879,-0.4416139999854361
2023-05-27 02:00:00,10.384,2122,London Harlington,Particulate matter less than 2.5 micro m,PM2.5,51.48879,-0.4416139999854361
2023-05-27 03:00:00,10.389,2122,London Harlington,Particulate matter less than 2.5 micro m,PM2.5,51.48879,-0.4416139999854361
2023-05-27 04:00:00,10.25,2122,London Harlington,Particulate matter less than 2.5 micro m,PM2.5,51.48879,-0.4416139999854361
2023-05-27 05:00:00,10.413,2122,London Harlington,Particulate matter less than 2.5 micro m,PM2.5,51.48879,-0.4416139999854361
2023-05-27 06:00:00,10.632,2122,London Harlington,Particulate matter less than 2.5 micro m,PM2.5,51.48879,-0.4416139999854361
2023-05-27 07:00:00,10.196,2122,London Harlington,Particulate matter less than 2.5 micro m,PM2.5,51.48879,-0.4416139999854361
2023-05-27 08:00:00,10.37,2122,London Harlington,Particulate matter less than 2.5 micro m,PM2.5,51.48879,-0.4416139999854361
2023-05-27 09:00:00,11.8,2122,London Harlington,Particulate matter less than 2.5 micro m,PM2.5,51.48879,-0.4416139999854361
2023-05-27 10:00:00,12.441,2122,London Harlington,Particulate matter less than 2.5 micro m,PM2.5,51.48879,-0.4416139999854361
2023-05-27 11:00:00,11.274,2122,London Harlington,Particulate matter less than 2.5 micro m,PM2.5,51.48879,-0.4416139999854361
2023-05-27 12:00:00,10.29,2122,London Harlington,Particulate matter less than 2.5 micro m,PM2.5,51.48879,-0.4416139999854361
2023-05-27 13:00:00,8.873,2122,London Harlington,Particulate matter less than 2.5 micro m,PM2.5,51.48879,-0.4416139999854361
2023-05-27 14:00:00,8.641,2122,London Harlington,Particulate matter less than 2.5 micro m,PM2.5,51.48879,-0.4416139999854361
2023-05-27 15:00:00,8.049,2122,London Harlington,Particulate matter less than 2.5 micro m,PM2.5,51.48879,-0.4416139999854361
2023-05-27 16:00:00,7.908,2122,London Harlington,Particulate matter less than 2.5 micro m,PM2.5,51.48879,-0.4416139999854361
2023-05-27 17:00:00,7.973,2122,London Harlington,Particulate matter less than 2.5 micro m,PM2.5,51.48879,-0.4416139999854361
2023-05-27 18:00:00,10.332,2122,London Harlington,Particulate matter less than 2.5 micro m,PM2.5,51.48879,-0.4416139999854361
2023-05-27 19:00:00,10.729,2122,London Harlington,Particulate matter less than 2.5 micro m,PM2.5,51.48879,-0.4416139999854361
2023-05-27 20:00:00,11.248,2122,London Harlington,Particulate matter less than 2.5 micro m,PM2.5,51.48879,-0.4416139999854361
2023-05-27 21:00:00,14.014,2122,London Harlington,Particulate matter less than 2.5 micro m,PM2.5,51.48879,-0.4416139999854361
2023-05-27 22:00:00,13.892,2122,London Harlington,Particulate matter less than 2.5 micro m,PM2.5,51.48879,-0.4416139999854361
2023-05-27 23:00:00,13.101,2122,London Harlington,Particulate matter less than 2.5 micro m,PM2.5,51.48879,-0.4416139999854361
2023-05-28 00:00:00,10.851,2122,London Harlington,Particulate matter less than 2.5 micro m,PM2.5,51.48879,-0.4416139999854361
2023-05-28 01:00:00,10.722,2122,London Harlington,Particulate matter less than 2.5 micro m,PM2.5,51.48879,-0.4416139999854361
2023-05-28 02:00:00,12.599,2122,London Harlington,Particulate matter less than 2.5 micro m,PM2.5,51.48879,-0.4416139999854361
2023-05-28 03:00:00,10.171,2122,London Harlington,Particulate matter less than 2.5 micro m,PM2.5,51.48879,-0.4416139999854361
2023-05-28 04:00:00,11.96,2122,London Harlington,Particulate matter less than 2.5 micro m,PM2.5,51.48879,-0.4416139999854361
2023-05-28 05:00:00,12.038,2122,London Harlington,Particulate matter less than 2.5 micro m,PM2.5,51.48879,-0.4416139999854361
2023-05-28 06:00:00,7.308,2122,London Harlington,Particulate matter less than 2.5 micro m,PM2.5,51.48879,-0.4416139999854361
2023-05-28 07:00:00,5.889,2122,London Harlington,Particulate matter less than 2.5 micro m,PM2.5,51.48879,-0.4416139999854361
2023-05-28 08:00:00,6.905,2122,London Harlington,Particulate matter less than 2.5 micro m,PM2.5,51.48879,-0.4416139999854361
2023-05-28 09:00:00,7.252,2122,London Harlington,Particulate matter less than 2.5 micro m,PM2.5,51.48879,-0.4416139999854361
2023-05-28 10:00:00,8.227,2122,London Harlington,Particulate matter less than 2.5 micro m,PM2.5,51.48879,-0.4416139999854361
2023-05-28 11:00:00,8.855,2122,London Harlington,Particulate matter less than 2.5 micro m,PM2.5,51.48879,-0.4416139999854361
2023-05-28 12:00:00,7.235,2122,London Harlington,Particulate matter less than 2.5 micro m,PM2.5,51.48879,-0.4416139999854361
2023-05-28 13:00:00,6.685,2122,London Harlington,Particulate matter less than 2.5 micro m,PM2.5,51.48879,-0.4416139999854361
2023-05-28 14:00:00,6.298,2122,London Harlington,Particulate matter less than 2.5 micro m,PM2.5,51.48879,-0.4416139999854361
2023-05-28 15:00:00,6.009,2122,London Harlington,Particulate matter less than 2.5 micro m,PM2.5,51.48879,-0.4416139999854361
2023-05-28 16:00:00,5.823,2122,London Harlington,Particulate matter less than 2.5 micro m,PM2.5,51.48879,-0.4416139999854361
2023-05-28 17:00:00,5.913,2122,London Harlington,Particulate matter less than 2.5 micro m,PM2.5,51.48879,-0.4416139999854361
2023-05-28 18:00:00,5.84,2122,London Harlington,Particulate matter less than 2.5 micro m,PM2.5,51.48879,-0.4416139999854361
2023-05-28 19:00:00,7.107,2122,London Harlington,Particulate matter less than 2.5 micro m,PM2.5,51.48879,-0.4416139999854361
2023-05-28 20:00:00,7.736,2122,London Harlington,Particulate matter less than 2.5 micro m,PM2.5,51.48879,-0.4416139999854361
2023-05-28 21:00:00,8.002,2122,London Harlington,Particulate matter less than 2.5 micro m,PM2.5,51.48879,-0.4416139999854361
2023-05-28 22:00:00,6.966,2122,London Harlington,Particulate matter less than 2.5 micro m,PM2.5,51.48879,-0.4416139999854361
2023-05-28 23:00:00,6.611,2122,London Harlington,Particulate matter less than 2.5 micro m,PM2.5,51.48879,-0.4416139999854361
2023-05-29 00:00:00,6.134,2122,London Harlington,Particulate matter less than 2.5 micro m,PM2.5,51.48879,-0.4416139999854361
2023-05-29 01:00:00,6.205,2122,London Harlington,Particulate matter less than 2.5 micro m,PM2.5,51.48879,-0.4416139999854361
2023-05-29 02:00:00,6.18,2122,London Harlington,Particulate matter less than 2.5 micro m,PM2.5,51.48879,-0.4416139999854361
2023-05-29 03:00:00,5.969,2122,London Harlington,Particulate matter less than 2.5 micro m,PM2.5,51.48879,-0.4416139999854361
2023-05-29 04:00:00,5.724,2122,London Harlington,Particulate matter less than 2.5 micro m,PM2.5,51.48879,-0.4416139999854361
2023-05-29 05:00:00,5.654,2122,London Harlington,Particulate matter less than 2.5 micro m,PM2.5,51.48879,-0.4416139999854361
2023-05-29 06:00:00,5.571,2122,London Harlington,Particulate matter less than 2.5 micro m,PM2.5,51.48879,-0.4416139999854361
2023-05-29 07:00:00,5.315,2122,London Harlington,Particulate matter less than 2.5 micro m,PM2.5,51.48879,-0.4416139999854361
2023-05-29 08:00:00,4.773,2122,London Harlington,Particulate matter less than 2.5 micro m,PM2.5,51.48879,-0.4416139999854361
2023-05-29 09:00:00,5.362,2122,London Harlington,Particulate matter less than 2.5 micro m,PM2.5,51.48879,-0.4416139999854361
2023-05-29 10:00:00,5.635,2122,London Harlington,Particulate matter less than 2.5 micro m,PM2.5,51.48879,-0.4416139999854361
2023-05-29 11:00:00,5.88,2122,London Harlington,Particulate matter less than 2.5 micro m,PM2.5,51.48879,-0.4416139999854361
2023-05-29 12:00:00,5.989,2122,London Harlington,Particulate matter less than 2.5 micro m,PM2.5,51.48879,-0.4416139999854361
2023-05-29 13:00:00,6.179,2122,London Harlington,Particulate matter less than 2.5 micro m,PM2.5,51.48879,-0.4416139999854361
2023-05-29 14:00:00,7.048,2122,London Harlington,Particulate matter less than 2.5 micro m,PM2.5,51.48879,-0.4416139999854361
2023-05-29 15:00:00,7.347,2122,London Harlington,Particulate matter less than 2.5 micro m,PM2.5,51.48879,-0.4416139999854361
2023-05-29 16:00:00,6.83,2122,London Harlington,Particulate matter less than 2.5 micro m,PM2.5,51.48879,-0.4416139999854361
2023-05-29 17:00:00,6.801,2122,London Harlington,Particulate matter less than 2.5 micro m,PM2.5,51.48879,-0.4416139999854361
2023-05-29 18:00:00,6.547,2122,London Harlington,Particulate matter less than 2.5 micro m,PM2.5,51.48879,-0.4416139999854361
2023-05-29 19:00:00,6.418,2122,London Harlington,Particulate matter less than 2.5 micro m,PM2.5,51.48879,-0.4416139999854361
2023-05-29 20:00:00,6.83,2122,London Harlington,Particulate matter less than 2.5 micro m,PM2.5,51.48879,-0.4416139999854361
2023-05-29 21:00:00,6.872,2122,London Harlington,Particulate matter less than 2.5 micro m,PM2.5,51.48879,-0.4416139999854361
2023-05-29 22:00:00,6.814,2122,London Harlington,Particulate matter less than 2.5 micro m,PM2.5,51.48879,-0.4416139999854361
2023-05-29 23:00:00,6.742,2122,London Harlington,Particulate matter less than 2.5 micro m,PM2.5,51.48879,-0.4416139999854361
2023-05-30 00:00:00,7.185,2122,London Harlington,Particulate matter less than 2.5 micro m,PM2.5,51.48879,-0.4416139999854361
2023-05-30 01:00:00,7.259,2122,London Harlington,Particulate matter less than 2.5 micro m,PM2.5,51.48879,-0.4416139999854361
2023-05-30 02:00:00,7.917,2122,London Harlington,Particulate matter less than 2.5 micro m,PM2.5,51.48879,-0.4416139999854361
2023-05-30 03:00:00,7.988,2122,London Harlington,Particulate matter less than 2.5 micro m,PM2.5,51.48879,-0.4416139999854361
2023-05-30 04:00:00,7.564,2122,London Harlington,Particulate matter less than 2.5 micro m,PM2.5,51.48879,-0.4416139999854361
2023-05-30 05:00:00,7.517,2122,London Harlington,Particulate matter less than 2.5 micro m,PM2.5,51.48879,-0.4416139999854361
2023-05-30 06:00:00,7.66,2122,London Harlington,Particulate matter less than 2.5 micro m,PM2.5,51.48879,-0.4416139999854361
2023-05-30 07:00:00,7.449,2122,London Harlington,Particulate matter less than 2.5 micro m,PM2.5,51.48879,-0.4416139999854361
2023-05-30 08:00:00,8.28,2122,London Harlington,Particulate matter less than 2.5 micro m,PM2.5,51.48879,-0.4416139999854361
2023-05-30 09:00:00,7.836,2122,London Harlington,Particulate matter less than 2.5 micro m,PM2.5,51.48879,-0.4416139999854361
2023-05-30 10:00:00,8.117,2122,London Harlington,Particulate matter less than 2.5 micro m,PM2.5,51.48879,-0.4416139999854361
2023-05-30 11:00:00,7.376,2122,London Harlington,Particulate matter less than 2.5 micro m,PM2.5,51.48879,-0.4416139999854361
2023-05-30 12:00:00,7.702,2122,London Harlington,Particulate matter less than 2.5 micro m,PM2.5,51.48879,-0.4416139999854361
2023-05-30 13:00:00,7.315,2122,London Harlington,Particulate matter less than 2.5 micro m,PM2.5,51.48879,-0.4416139999854361
2023-05-30 14:00:00,7.855,2122,London Harlington,Particulate matter less than 2.5 micro m,PM2.5,51.48879,-0.4416139999854361
2023-05-30 15:00:00,7.308,2122,London Harlington,Particulate matter less than 2.5 micro m,PM2.5,51.48879,-0.4416139999854361
2023-05-30 16:00:00,4.915,2122,London Harlington,Particulate matter less than 2.5 micro m,PM2.5,51.48879,-0.4416139999854361
2023-05-30 17:00:00,4.845,2122,London Harlington,Particulate matter less than 2.5 micro m,PM2.5,51.48879,-0.4416139999854361
2023-05-30 18:00:00,7.782,2122,London Harlington,Particulate matter less than 2.5 micro m,PM2.5,51.48879,-0.4416139999854361
2023-05-30 19:00:00,6.543,2122,London Harlington,Particulate matter less than 2.5 micro m,PM2.5,51.48879,-0.4416139999854361
2023-05-30 20:00:00,3.129,2122,London Harlington,Particulate matter less than 2.5 micro m,PM2.5,51.48879,-0.4416139999854361
2023-05-30 21:00:00,1.742,2122,London Harlington,Particulate matter less than 2.5 micro m,PM2.5,51.48879,-0.4416139999854361
2023-05-30 22:00:00,1.841,2122,London Harlington,Particulate matter less than 2.5 micro m,PM2.5,51.48879,-0.4416139999854361
2023-05-30 23:00:00,2.307,2122,London Harlington,Particulate matter less than 2.5 micro m,PM2.5,51.48879,-0.4416139999854361
2023-05-31 00:00:00,1.535,2122,London Harlington,Particulate matter less than 2.5 micro m,PM2.5,51.48879,-0.4416139999854361
2023-05-31 01:00:00,0.908,2122,London Harlington,Particulate matter less than 2.5 micro m,PM2.5,51.48879,-0.4416139999854361
2023-05-31 02:00:00,1.001,2122,London Harlington,Particulate matter less than 2.5 micro m,PM2.5,51.48879,-0.4416139999854361
2023-05-31 03:00:00,0.943,2122,London Harlington,Particulate matter less than 2.5 micro m,PM2.5,51.48879,-0.4416139999854361
2023-05-31 04:00:00,0.953,2122,London Harlington,Particulate matter less than 2.5 micro m,PM2.5,51.48879,-0.4416139999854361
2023-05-31 05:00:00,1.142,2122,London Harlington,Particulate matter less than 2.5 micro m,PM2.5,51.48879,-0.4416139999854361
2023-05-31 06:00:00,1.112,2122,London Harlington,Particulate matter less than 2.5 micro m,PM2.5,51.48879,-0.4416139999854361
2023-05-31 07:00:00,1.411,2122,London Harlington,Particulate matter less than 2.5 micro m,PM2.5,51.48879,-0.4416139999854361
2023-05-31 08:00:00,3.248,2122,London Harlington,Particulate matter less than 2.5 micro m,PM2.5,51.48879,-0.4416139999854361
2023-05-31 09:00:00,6.539,2122,London Harlington,Particulate matter less than 2.5 micro m,PM2.5,51.48879,-0.4416139999854361
2023-05-31 10:00:00,6.401,2122,London Harlington,Particulate matter less than 2.5 micro m,PM2.5,51.48879,-0.4416139999854361
2023-05-31 11:00:00,6.672,2122,London Harlington,Particulate matter less than 2.5 micro m,PM2.5,51.48879,-0.4416139999854361
2023-05-31 12:00:00,7.398,2122,London Harlington,Particulate matter less than 2.5 micro m,PM2.5,51.48879,-0.4416139999854361
2023-05-31 13:00:00,7.074,2122,London Harlington,Particulate matter less than 2.5 micro m,PM2.5,51.48879,-0.4416139999854361
2023-05-31 14:00:00,7.365,2122,London Harlington,Particulate matter less than 2.5 micro m,PM2.5,51.48879,-0.4416139999854361
2023-05-31 15:00:00,7.634,2122,London Harlington,Particulate matter less than 2.5 micro m,PM2.5,51.48879,-0.4416139999854361
2023-05-31 16:00:00,7.529,2122,London Harlington,Particulate matter less than 2.5 micro m,PM2.5,51.48879,-0.4416139999854361
2023-05-31 17:00:00,6.531,2122,London Harlington,Particulate matter less than 2.5 micro m,PM2.5,51.48879,-0.4416139999854361
2023-05-31 18:00:00,6.673,2122,London Harlington,Particulate matter less than 2.5 micro m,PM2.5,51.48879,-0.4416139999854361
2023-05-31 19:00:00,7.277,2122,London Harlington,Particulate matter less than 2.5 micro m,PM2.5,51.48879,-0.4416139999854361
2023-05-31 20:00:00,7.409,2122,London Harlington,Particulate matter less than 2.5 micro m,PM2.5,51.48879,-0.4416139999854361
2023-05-31 21:00:00,7.428,2122,London Harlington,Particulate matter less than 2.5 micro m,PM2.5,51.48879,-0.4416139999854361
2023-05-31 22:00:00,7.243,2122,London Harlington,Particulate matter less than 2.5 micro m,PM2.5,51.48879,-0.4416139999854361
2023-05-31 23:00:00,6.696,2122,London Harlington,Particulate matter less than 2.5 micro m,PM2.5,51.48879,-0.4416139999854361
