version https://git-lfs.github.com/spec/v1
oid sha256:8b7a0a3d58b8efc5f61d7a8215e45b258168f715f34e5a5565bbfb2e66aef3e9
size 83610
